line	0	1	511	67
line	0	89	511	155
line	0	178	511	245
line	0	267	511	333
line	0	355	511	423
line	0	445	511	511
word	0	445	190	511
word	0	355	38	423
word	0	267	130	333
word	0	178	94	229
word	0	103	12	140
word	0	0	123	67
word	35	103	144	140
word	59	371	172	422
word	118	178	155	229
word	145	14	258	66
word	153	268	232	319
word	166	89	327	140
word	177	195	212	230
word	197	357	464	422
word	211	446	511	511
word	234	178	352	245
word	256	268	511	319
word	282	0	511	67
word	350	104	378	140
word	375	193	404	230
word	402	103	511	155
word	427	179	511	229
word	488	371	511	422
char	0	461	28	495
char	0	370	17	423
char	0	267	38	318
char	0	178	35	228
char	0	102	13	140
char	0	1	21	51
char	19	355	39	404
char	24	16	48	51
char	30	444	52	511
char	34	103	73	139
char	39	177	66	229
char	41	282	76	333
char	52	14	86	52
char	58	445	100	495
char	58	372	95	407
char	66	194	95	229
char	77	103	107	140
char	81	281	109	317
char	90	13	124	66
char	99	370	131	407
char	103	461	129	497
char	110	107	144	137
char	112	266	131	315
char	116	178	156	229
char	131	444	153	511
char	135	370	173	422
char	144	14	183	66
char	151	283	189	319
char	159	459	191	495
char	165	88	190	139
char	175	194	213	229
char	187	14	221	51
char	192	89	210	139
char	194	267	233	319
char	196	370	235	422
char	209	447	234	496
char	213	88	231	139
char	225	13	259	51
char	232	177	254	229
char	234	104	259	140
char	237	463	270	493
char	239	370	264	406
char	254	281	290	318
char	255	177	276	244
char	262	103	301	139
char	267	373	305	407
char	273	461	309	511
char	280	5	319	51
char	284	192	315	229
char	293	267	311	315
char	304	91	328	140
char	308	372	362	408
char	313	459	371	493
char	315	267	352	318
char	319	192	353	245
char	323	5	362	50
char	348	103	379	140
char	356	267	394	317
char	365	371	401	407
char	366	14	401	66
char	373	192	405	229
char	375	459	434	495
char	397	281	431	318
char	400	103	440	155
char	405	356	424	405
char	405	14	437	51
char	425	178	466	228
char	428	356	465	406
char	435	267	472	319
char	438	445	456	495
char	441	5	478	51
char	443	103	476	140
char	459	460	496	495
char	469	178	505	229
char	476	267	511	319
char	479	105	511	140
char	482	14	511	51
char	486	370	511	422
char	500	445	511	495
