line	0	6	511	72
line	0	94	511	160
line	0	182	511	249
line	0	244	3	244
line	0	247	5	247
line	0	270	511	335
line	0	358	511	424
line	0	446	511	511
word	0	446	145	496
word	0	358	146	423
word	0	286	135	321
word	0	244	5	247
word	0	182	9	238
word	0	94	124	159
word	0	6	285	72
word	31	182	342	247
word	143	110	235	144
word	155	270	263	320
word	166	446	511	511
word	170	358	276	423
word	255	94	492	160
word	285	270	328	321
word	297	358	511	424
word	304	22	400	71
word	342	270	442	335
word	362	182	478	249
word	421	6	511	72
word	460	270	497	320
word	501	198	511	233
char	0	461	8	496
char	0	375	35	423
char	0	285	9	320
char	0	195	9	237
char	0	102	9	144
char	0	23	29	72
char	12	461	45	496
char	12	288	47	320
char	12	93	40	143
char	29	181	49	232
char	31	23	80	55
char	37	363	56	407
char	42	93	62	159
char	48	445	85	496
char	50	286	77	321
char	52	181	69	232
char	59	357	92	408
char	67	110	124	144
char	71	199	118	232
char	81	286	136	319
char	82	5	116	56
char	84	464	106	496
char	94	357	111	406
char	109	445	146	496
char	115	374	146	408
char	119	25	155	72
char	121	181	141	247
char	141	109	165	144
char	145	181	181	232
char	153	269	189	320
char	158	22	192	71
char	164	462	189	497
char	168	357	204	408
char	168	113	203	144
char	183	198	236	232
char	191	269	226	320
char	193	462	228	511
char	194	5	210	55
char	205	377	240	408
char	206	110	236	144
char	213	24	246	56
char	227	269	263	320
char	230	445	247	495
char	240	201	273	233
char	243	373	277	423
char	249	25	286	71
char	250	462	274	496
char	254	93	272	144
char	274	113	308	144
char	276	198	310	247
char	278	462	307	497
char	283	285	308	321
char	296	374	331	423
char	302	21	327	56
char	310	465	343	496
char	310	112	344	160
char	311	269	329	320
char	313	198	343	232
char	329	24	363	56
char	334	374	361	408
char	341	269	363	335
char	345	462	401	494
char	347	109	381	159
char	361	199	398	247
char	365	377	398	424
char	367	22	401	71
char	368	269	403	320
char	384	113	419	144
char	401	375	436	424
char	401	181	418	230
char	404	462	435	496
char	405	269	443	320
char	419	5	455	56
char	422	181	451	232
char	422	110	453	144
char	438	357	472	406
char	439	445	470	496
char	445	201	479	232
char	457	110	493	142
char	458	5	492	56
char	459	269	498	320
char	474	377	510	407
char	478	462	511	511
char	492	25	511	72
char	499	198	511	233
