line	0	0	511	68
line	0	90	511	155
line	0	178	511	244
line	0	268	511	333
line	0	355	511	422
line	0	446	511	497
word	0	446	511	497
word	0	356	343	422
word	0	268	24	318
word	0	192	217	231
word	0	90	315	141
word	0	14	243	68
word	52	268	453	333
word	245	179	292	231
word	264	0	437	53
word	318	178	511	244
word	344	90	511	155
word	372	357	377	407
word	405	355	511	409
word	463	0	511	52
word	480	281	511	332
char	0	458	11	497
char	0	368	14	407
char	0	277	14	318
char	0	191	29	229
char	0	102	13	140
char	0	14	29	67
char	8	356	13	366
char	14	460	48	495
char	16	102	51	141
char	17	369	49	409
char	17	267	24	318
char	32	191	66	231
char	32	13	65	65
char	50	280	84	333
char	51	460	84	496
char	53	356	87	409
char	54	90	71	141
char	70	191	106	230
char	70	13	106	54
char	74	105	124	140
char	87	445	120	497
char	92	267	125	318
char	93	356	101	408
char	106	368	142	408
char	110	191	144	231
char	110	13	144	53
char	127	445	135	496
char	127	102	159	141
char	128	280	150	318
char	143	458	175	497
char	146	370	191	406
char	147	191	180	230
char	148	13	182	65
char	153	267	184	318
char	163	102	197	141
char	183	445	216	496
char	183	191	217	231
char	187	281	220	333
char	187	13	206	51
char	193	356	207	422
char	203	102	235	140
char	209	14	244	51
char	215	369	267	407
char	218	459	249	497
char	225	280	261	319
char	243	178	251	229
char	243	89	274	140
char	253	458	289	497
char	257	191	293	231
char	262	5	283	53
char	267	267	299	318
char	271	355	293	407
char	280	102	316	141
char	283	5	301	52
char	292	461	341	494
char	296	358	302	407
char	303	0	325	51
char	307	267	339	318
char	308	369	344	408
char	316	191	352	230
char	328	1	358	51
char	342	89	350	140
char	343	459	394	496
char	346	280	378	332
char	355	102	392	141
char	358	191	390	229
char	366	13	386	51
char	370	356	377	407
char	380	267	394	333
char	389	5	422	52
char	395	89	430	141
char	397	445	431	497
char	398	190	432	243
char	402	280	454	318
char	403	356	438	408
char	430	5	438	51
char	434	458	470	497
char	434	102	470	155
char	435	177	475	229
char	442	355	477	409
char	461	5	481	52
char	473	103	509	140
char	474	459	511	494
char	476	192	509	243
char	479	280	511	332
char	483	14	511	51
char	485	369	511	407
