line	0	5	511	71
line	0	95	511	159
line	0	181	346	247
line	0	270	511	336
line	0	358	511	423
line	0	446	511	511
word	0	447	56	496
word	0	358	378	423
word	0	270	349	336
word	0	181	346	247
word	0	108	310	159
word	0	5	197	71
word	78	462	114	511
word	135	447	321	511
word	219	7	387	56
word	333	95	511	143
word	336	446	475	511
word	372	271	431	319
word	399	358	511	423
word	409	21	443	55
word	452	270	511	320
word	465	7	507	55
word	497	460	511	497
char	0	446	17	496
char	0	371	16	407
char	0	269	15	336
char	0	195	15	233
char	0	109	50	144
char	0	20	32	56
char	18	182	38	231
char	20	463	57	496
char	20	358	58	408
char	20	270	58	320
char	35	23	71	71
char	40	199	76	247
char	53	109	87	141
char	61	375	96	408
char	62	284	119	319
char	73	21	121	56
char	77	461	115	511
char	78	183	100	230
char	91	109	127	144
char	100	371	131	408
char	103	181	121	229
char	121	269	143	335
char	122	199	158	247
char	124	5	145	71
char	131	108	169	143
char	133	446	154	495
char	135	372	170	423
char	150	283	209	319
char	150	5	170	55
char	157	461	181	496
char	160	184	183	230
char	172	107	210	159
char	174	358	211	405
char	174	21	198	56
char	184	460	224	511
char	185	182	204	229
char	207	196	231	232
char	212	287	247	319
char	213	107	249	159
char	214	374	262	408
char	218	21	254	56
char	226	463	278	495
char	234	182	274	231
char	251	270	288	320
char	253	108	311	141
char	257	21	310	56
char	265	357	286	423
char	277	199	311	231
char	282	446	321	495
char	292	372	323	408
char	292	285	350	319
char	313	19	346	56
char	315	196	346	232
char	327	375	378	408
char	331	94	372	143
char	334	445	358	511
char	349	6	388	56
char	365	459	400	496
char	370	283	409	319
char	375	110	411	143
char	397	373	433	407
char	404	460	437	496
char	407	21	444	55
char	413	270	432	319
char	415	110	449	143
char	437	372	473	423
char	439	463	475	511
char	450	270	470	319
char	453	108	482	143
char	463	6	503	55
char	472	285	511	320
char	476	357	507	407
char	486	108	511	143
char	495	459	511	497
