line	0	1	511	67
line	0	90	511	155
line	0	178	511	244
line	0	267	511	333
line	0	356	511	423
line	0	445	511	511
word	0	445	211	511
word	0	356	511	423
word	0	267	283	333
word	0	179	145	244
word	0	102	82	155
word	0	0	511	67
word	111	90	333	155
word	174	179	184	230
word	214	179	351	244
word	234	446	351	497
word	310	281	346	333
word	359	90	495	154
word	374	178	511	244
word	375	268	468	319
word	376	459	410	497
word	438	446	511	496
word	497	268	511	318
char	0	444	20	497
char	0	266	29	319
char	0	191	18	230
char	0	101	39	140
char	0	11	21	53
char	1	369	38	409
char	23	178	60	230
char	27	445	39	496
char	27	13	51	51
char	32	269	66	318
char	42	368	80	421
char	44	101	83	155
char	46	458	72	496
char	54	13	88	52
char	64	191	102	244
char	69	280	102	319
char	75	459	109	497
char	85	370	121	409
char	91	5	109	67
char	106	281	161	317
char	107	191	145	244
char	109	102	135	140
char	114	457	149	497
char	116	13	173	51
char	124	369	165	407
char	138	89	173	140
char	151	445	168	511
char	163	281	200	333
char	168	369	206	421
char	172	459	211	496
char	173	178	184	229
char	176	102	230	140
char	178	5	217	52
char	203	280	240	333
char	209	370	245	405
char	212	178	224	229
char	223	13	248	51
char	230	191	268	244
char	233	458	269	497
char	233	89	251	155
char	245	280	283	333
char	248	370	286	407
char	250	13	284	52
char	257	101	293	141
char	275	445	312	497
char	275	192	310	230
char	288	13	324	52
char	289	369	324	408
char	297	105	334	138
char	308	280	346	333
char	315	190	352	231
char	316	458	352	497
char	327	16	363	67
char	329	355	367	408
char	357	102	395	154
char	367	13	423	51
char	372	356	410	408
char	372	192	411	244
char	373	280	409	318
char	374	458	411	497
char	399	102	438	141
char	413	192	449	228
char	416	369	439	407
char	416	267	429	318
char	430	13	487	51
char	433	279	469	319
char	436	445	448	496
char	441	357	462	408
char	442	101	479	141
char	451	458	491	496
char	452	177	477	229
char	464	371	501	422
char	478	193	511	231
char	483	89	496	140
char	492	10	511	53
char	495	458	511	496
char	495	267	511	318
char	505	371	511	406
