line	0	6	263	71
line	0	94	511	159
line	0	182	511	247
line	0	271	511	335
line	0	358	511	424
line	0	446	511	511
word	0	446	185	497
word	0	271	90	320
word	0	182	151	247
word	0	94	359	159
word	0	21	72	71
word	22	360	77	408
word	95	6	263	71
word	98	374	133	423
word	113	271	150	319
word	155	372	295	423
word	173	271	360	335
word	176	196	247	232
word	207	446	245	511
word	266	183	391	232
word	271	460	511	511
word	316	372	391	424
word	381	284	473	321
word	384	95	511	144
word	415	358	511	423
word	417	196	472	232
word	496	271	511	321
char	0	461	11	496
char	0	270	17	320
char	0	197	12	235
char	0	107	12	144
char	0	20	35	71
char	15	459	48	496
char	15	196	52	247
char	15	109	67	144
char	21	371	52	407
char	21	286	50	320
char	39	20	73	71
char	52	445	80	494
char	54	270	91	320
char	55	359	78	408
char	56	199	92	247
char	71	107	103	159
char	79	461	102	496
char	94	19	124	55
char	95	181	123	229
char	96	373	134	423
char	106	446	145	496
char	106	111	138	159
char	112	270	150	319
char	120	198	152	232
char	127	20	157	56
char	141	93	161	159
char	149	446	186	493
char	153	372	184	408
char	159	5	181	71
char	168	108	206	143
char	172	284	210	320
char	175	196	208	232
char	187	20	226	55
char	188	372	224	423
char	205	445	222	495
char	210	111	262	144
char	211	199	247	232
char	214	270	251	320
char	224	445	246	511
char	228	372	262	408
char	229	22	264	55
char	255	270	295	319
char	265	372	296	408
char	265	197	320	232
char	266	108	323	141
char	270	461	324	496
char	299	285	322	320
char	315	373	352	424
char	323	196	352	232
char	326	283	361	335
char	327	459	361	511
char	327	107	359	144
char	355	371	392	423
char	356	182	392	232
char	364	461	398	511
char	379	285	433	320
char	382	94	421	144
char	402	460	439	511
char	414	357	437	407
char	415	195	445	232
char	425	109	454	144
char	437	284	474	317
char	439	357	458	407
char	442	460	477	511
char	449	196	473	232
char	457	111	491	144
char	461	373	499	423
char	479	463	511	494
char	494	109	511	144
char	495	270	511	320
char	501	375	511	406
