line	0	0	511	61
line	0	85	511	151
line	0	175	511	242
line	0	265	511	331
line	0	355	215	422
line	0	444	511	511
word	0	444	131	496
word	0	355	123	407
word	0	265	161	317
word	0	191	96	242
word	0	85	69	137
word	0	0	511	61
word	90	85	127	135
word	118	191	239	227
word	145	101	202	135
word	147	371	215	422
word	153	462	190	511
word	182	281	253	331
word	212	461	240	497
word	224	85	511	151
word	260	175	511	242
word	261	461	324	497
word	273	265	507	331
word	349	461	381	511
word	404	445	511	496
char	0	444	31	495
char	0	358	14	407
char	0	280	11	315
char	0	190	31	242
char	0	84	33	137
char	0	29	2	40
char	5	13	57	46
char	13	283	47	315
char	16	374	50	406
char	24	464	58	496
char	34	190	65	226
char	34	104	70	133
char	51	283	102	316
char	52	354	87	404
char	60	0	77	43
char	61	444	98	493
char	68	191	97	227
char	81	11	113	47
char	88	84	127	135
char	89	354	124	407
char	100	462	132	496
char	106	264	122	313
char	116	192	154	225
char	117	11	142	46
char	126	264	161	317
char	144	101	202	135
char	145	11	169	43
char	146	371	181	422
char	152	461	190	511
char	157	190	186	227
char	172	0	206	45
char	180	280	218	331
char	185	371	216	404
char	189	194	240	226
char	207	11	262	45
char	210	460	240	497
char	217	281	254	313
char	222	84	258	136
char	258	192	289	242
char	259	460	298	495
char	259	104	310	136
char	265	11	322	45
char	271	280	308	331
char	292	174	312	242
char	301	461	325	496
char	311	281	345	313
char	313	84	349	133
char	316	190	354	225
char	325	0	354	45
char	347	461	382	511
char	348	264	384	315
char	348	13	383	61
char	352	102	386	151
char	357	190	392	241
char	386	283	437	316
char	386	0	414	43
char	387	101	422	133
char	393	174	428	225
char	403	444	434	495
char	409	14	444	45
char	425	104	477	136
char	427	464	461	496
char	430	192	464	241
char	441	281	469	316
char	448	11	476	46
char	464	460	511	494
char	468	194	503	227
char	473	281	502	317
char	479	11	511	43
char	481	101	503	136
char	505	193	511	223
char	507	99	511	134
