line	0	0	511	61
line	0	85	511	151
line	0	175	511	241
line	0	265	511	332
line	0	355	511	421
line	0	445	511	511
word	0	445	163	511
word	0	355	511	421
word	0	265	339	332
word	0	175	126	226
word	0	100	58	151
word	0	0	511	61
word	82	99	119	151
word	144	175	356	226
word	145	85	288	135
word	187	459	265	511
word	288	445	511	496
word	310	85	511	135
word	363	265	511	316
word	377	175	455	241
word	478	189	511	225
char	0	459	5	495
char	0	368	17	405
char	0	278	18	331
char	0	189	31	225
char	0	99	18	151
char	0	8	9	45
char	8	459	42	496
char	12	11	47	43
char	21	369	81	405
char	21	279	55	314
char	21	99	59	151
char	34	190	69	226
char	45	444	85	495
char	51	9	111	45
char	58	282	95	331
char	72	175	95	225
char	81	99	120	151
char	85	369	118	406
char	88	462	123	495
char	98	174	127	223
char	99	264	137	313
char	114	9	149	45
char	122	369	161	405
char	126	459	164	511
char	141	280	175	315
char	142	189	177	226
char	143	99	175	135
char	152	0	191	45
char	165	369	204	405
char	178	84	215	135
char	179	279	211	315
char	181	189	240	225
char	187	458	227	511
char	195	9	233	61
char	208	369	238	405
char	215	279	254	315
char	219	99	251	135
char	229	462	266	494
char	237	9	275	61
char	241	372	294	404
char	243	174	263	223
char	255	99	289	135
char	258	279	297	315
char	266	174	304	225
char	279	9	304	45
char	287	459	322	495
char	297	369	332	421
char	301	279	339	315
char	307	177	331	225
char	308	100	346	135
char	308	0	348	45
char	326	459	356	495
char	333	177	357	225
char	336	371	373	405
char	349	84	389	135
char	351	0	390	45
char	359	444	396	495
char	361	264	401	315
char	375	174	415	226
char	376	354	400	405
char	392	100	452	135
char	394	9	427	45
char	400	461	439	495
char	402	354	442	405
char	405	267	427	315
char	419	189	456	241
char	430	264	467	315
char	431	9	491	45
char	444	459	474	495
char	445	354	468	405
char	455	84	496	135
char	470	355	511	405
char	471	264	511	316
char	476	189	503	225
char	478	462	511	493
char	494	12	511	45
char	497	84	511	135
char	506	188	511	225
