line	0	0	511	61
line	0	85	511	151
line	0	175	511	241
line	0	265	511	315
line	0	354	511	422
line	0	445	511	511
word	0	445	253	495
word	0	354	511	422
word	0	265	177	315
word	0	189	17	226
word	0	100	18	151
word	0	10	60	45
word	40	189	79	241
word	40	85	101	151
word	85	9	275	61
word	101	175	327	226
word	122	85	352	151
word	201	265	511	315
word	275	445	335	495
word	297	0	511	61
word	348	176	511	241
word	359	445	511	511
word	375	100	455	135
word	479	100	511	135
char	0	444	36	495
char	0	369	29	421
char	0	264	29	315
char	0	188	18	226
char	0	99	18	151
char	0	9	33	45
char	26	282	64	315
char	32	354	53	421
char	36	9	61	45
char	38	99	78	151
char	39	188	80	241
char	40	444	79	495
char	61	369	96	405
char	67	264	105	315
char	81	84	101	133
char	83	444	121	495
char	83	9	114	45
char	99	174	140	225
char	101	369	160	403
char	109	264	149	315
char	119	9	153	45
char	120	84	161	135
char	125	459	159	495
char	144	189	178	225
char	152	279	178	315
char	157	9	194	44
char	163	459	197	495
char	164	369	194	405
char	164	99	225	135
char	181	189	212	225
char	197	369	257	403
char	197	9	236	61
char	200	462	254	495
char	200	264	230	315
char	216	189	254	223
char	228	264	266	315
char	229	84	248	135
char	240	9	276	45
char	251	100	281	135
char	258	192	294	225
char	260	354	279	405
char	270	280	300	315
char	273	444	294	495
char	282	370	317	421
char	285	99	309	135
char	295	10	333	61
char	297	444	335	495
char	297	189	327	225
char	304	279	363	313
char	313	99	352	151
char	321	369	345	403
char	337	9	370	61
char	346	190	384	226
char	348	372	402	405
char	358	459	384	495
char	366	264	407	315
char	374	100	413	135
char	374	9	411	61
char	387	459	413	495
char	388	189	420	225
char	406	369	438	405
char	410	280	444	315
char	415	0	445	45
char	416	459	454	511
char	417	99	456	135
char	424	188	464	241
char	441	354	481	405
char	443	10	473	45
char	448	264	486	315
char	458	459	493	495
char	467	175	490	223
char	477	99	510	135
char	477	9	500	45
char	484	369	511	421
char	490	279	511	314
char	493	176	511	226
char	497	444	511	495
char	504	11	511	46
