line	0	0	511	61
line	0	84	511	151
line	0	174	511	241
line	0	265	511	331
line	0	355	98	406
line	0	445	511	511
word	0	461	14	511
word	0	355	98	406
word	0	279	119	316
word	0	174	8	225
word	0	84	160	151
word	0	0	39	61
word	22	174	41	225
word	35	459	113	511
word	64	189	135	225
word	65	0	202	61
word	134	445	272	511
word	142	279	320	315
word	158	175	358	241
word	183	85	422	151
word	224	0	511	61
word	295	445	434	511
word	343	265	511	331
word	379	175	511	241
word	444	85	511	151
word	458	445	498	495
char	0	460	14	501
char	0	369	10	405
char	0	278	18	316
char	0	174	7	187
char	0	99	9	135
char	0	0	15	45
char	13	84	51	135
char	14	369	46	405
char	17	0	39	61
char	21	279	56	315
char	21	173	42	225
char	35	458	74	511
char	50	369	75	405
char	55	102	89	133
char	60	279	120	314
char	62	189	95	225
char	63	9	103	61
char	77	461	114	511
char	79	354	99	403
char	92	102	128	151
char	98	190	136	225
char	107	0	132	45
char	132	99	161	134
char	133	444	154	495
char	135	11	164	45
char	140	279	180	315
char	156	189	194	241
char	158	461	195	511
char	168	9	202	45
char	181	99	221	151
char	184	279	219	315
char	197	174	219	241
char	198	462	234	494
char	222	0	247	45
char	223	279	282	315
char	225	99	261	151
char	226	189	252	225
char	236	460	273	496
char	249	0	268	45
char	256	190	294	225
char	264	84	304	133
char	271	12	307	61
char	286	281	321	315
char	293	458	330	511
char	298	189	324	225
char	307	84	345	135
char	310	9	340	44
char	327	189	359	225
char	333	444	354	511
char	342	279	381	331
char	344	9	378	61
char	349	99	383	135
char	360	459	400	511
char	378	174	399	225
char	381	0	400	43
char	385	278	424	331
char	386	102	423	151
char	403	459	435	495
char	403	190	441	241
char	404	12	441	45
char	427	264	464	315
char	443	84	483	135
char	445	189	483	241
char	445	9	480	45
char	456	444	499	495
char	469	278	511	331
char	484	9	511	45
char	486	100	511	151
char	487	189	511	225
