line	0	5	511	71
line	0	94	511	159
line	0	182	511	247
line	0	358	511	423
line	0	446	511	510
word	0	458	122	511
word	0	370	104	423
word	0	182	511	247
word	0	94	286	159
word	0	6	199	71
word	128	358	359	423
word	144	446	180	497
word	205	447	241	497
word	222	5	511	57
word	269	459	363	497
word	311	107	348	158
word	372	95	511	159
word	385	358	511	409
word	392	447	511	497
char	0	458	19	510
char	0	370	19	423
char	0	194	32	232
char	0	106	17	145
char	0	18	16	71
char	18	19	56	54
char	22	107	47	144
char	23	371	63	409
char	25	459	60	497
char	35	182	53	247
char	49	106	83	158
char	59	194	97	247
char	60	5	96	56
char	64	459	123	496
char	67	371	105	422
char	86	93	104	159
char	99	18	137	70
char	103	194	127	232
char	108	107	165	144
char	126	370	164	423
char	127	195	166	232
char	142	446	181	497
char	143	5	154	56
char	159	18	199	57
char	167	93	204	145
char	168	371	201	409
char	170	194	206	246
char	204	446	227	497
char	207	357	220	408
char	211	93	246	144
char	213	181	250	233
char	221	18	278	56
char	224	371	260	409
char	231	446	242	496
char	249	94	287	145
char	253	195	289	233
char	263	372	301	407
char	267	459	303	497
char	282	17	337	56
char	294	181	330	232
char	305	357	317	408
char	307	458	364	496
char	310	106	348	158
char	324	370	360	408
char	333	196	370	233
char	342	5	380	57
char	370	94	394	145
char	375	194	401	232
char	384	370	420	409
char	387	5	422	56
char	390	446	426	496
char	397	107	432	145
char	405	182	415	232
char	423	181	458	232
char	424	357	447	407
char	424	5	448	56
char	429	459	468	496
char	435	107	472	158
char	450	359	461	408
char	451	19	485	56
char	462	195	497	233
char	469	358	504	408
char	472	459	507	497
char	475	107	511	159
char	488	19	511	56
char	500	185	511	232
char	507	362	511	408
