line	0	5	511	72
line	0	94	511	160
line	0	182	511	248
line	0	357	511	423
line	0	446	511	511
word	0	446	355	511
word	0	188	11	233
word	0	94	366	160
word	0	5	243	71
word	13	358	217	409
word	33	198	55	233
word	76	182	375	247
word	238	358	383	409
word	264	6	501	72
word	376	446	457	497
word	388	94	490	159
word	395	182	453	248
word	405	357	477	423
word	472	446	511	511
word	472	182	511	246
word	501	374	511	409
word	510	116	511	146
char	0	462	29	497
char	0	198	12	233
char	0	110	30	144
char	0	5	29	56
char	12	375	49	409
char	31	198	55	233
char	32	445	48	495
char	32	5	50	55
char	33	93	49	144
char	50	465	86	511
char	52	111	107	144
char	53	373	75	408
char	54	22	81	57
char	74	197	110	247
char	79	360	98	408
char	84	22	120	55
char	87	464	120	495
char	101	357	117	408
char	110	93	125	144
char	113	187	133	232
char	119	357	152	408
char	123	22	150	56
char	124	445	159	494
char	128	93	163	144
char	136	199	163	233
char	154	11	172	56
char	156	357	192	408
char	161	465	195	496
char	165	113	201	160
char	166	181	183	231
char	176	24	209	71
char	186	181	221	232
char	195	374	218	408
char	199	445	228	495
char	201	93	235	142
char	209	25	244	55
char	220	464	254	511
char	224	181	253	232
char	237	373	263	408
char	238	113	289	144
char	245	200	299	232
char	257	462	287	496
char	262	5	300	56
char	266	374	288	408
char	291	462	319	497
char	292	357	309	408
char	292	93	308	143
char	299	24	336	56
char	302	201	336	232
char	311	112	366	144
char	312	357	346	408
char	322	462	356	511
char	339	181	376	232
char	339	5	367	56
char	347	357	383	408
char	363	24	396	71
char	374	450	395	497
char	386	110	414	144
char	393	181	424	232
char	398	445	432	496
char	400	22	426	54
char	403	374	431	408
char	417	201	454	248
char	417	110	450	159
char	430	5	465	54
char	434	356	453	423
char	435	462	458	496
char	453	93	491	143
char	459	357	477	408
char	467	5	502	57
char	470	445	493	511
char	470	181	506	232
char	499	461	511	497
char	499	374	511	409
char	508	123	511	144
