line	0	6	511	71
line	0	95	511	145
line	0	183	511	247
line	0	270	511	336
line	0	358	511	424
line	0	446	511	498
word	0	446	94	498
word	0	359	47	423
word	0	271	51	336
word	0	195	165	233
word	0	107	67	145
word	22	6	393	71
word	73	358	268	410
word	81	271	87	320
word	94	95	395	145
word	114	270	511	335
word	116	460	145	496
word	175	446	232	496
word	192	196	226	234
word	253	183	497	247
word	254	446	284	496
word	288	359	451	424
word	306	447	350	497
word	380	460	409	497
word	418	7	447	56
word	419	108	450	145
word	436	447	511	497
word	472	108	511	144
word	476	372	511	409
word	477	7	511	56
char	0	459	34	497
char	0	358	8	423
char	0	283	12	336
char	0	195	34	233
char	0	107	30	145
char	16	371	48	409
char	20	270	52	320
char	20	19	54	70
char	36	107	67	144
char	38	459	71	497
char	38	198	71	230
char	59	19	91	56
char	71	372	106	408
char	74	445	95	494
char	74	195	107	233
char	79	270	87	320
char	93	107	128	145
char	98	19	132	70
char	108	371	140	408
char	111	195	132	232
char	112	283	148	321
char	114	459	146	496
char	134	108	166	145
char	135	196	165	233
char	135	6	170	57
char	143	357	164	408
char	152	283	185	321
char	166	359	197	408
char	169	108	221	144
char	174	459	205	496
char	177	6	210	56
char	188	286	219	318
char	191	195	226	233
char	201	358	233	408
char	209	445	233	496
char	213	19	242	57
char	222	271	240	321
char	224	94	232	144
char	236	372	269	410
char	240	107	271	145
char	243	270	276	321
char	246	19	280	71
char	251	182	283	232
char	252	446	285	496
char	275	107	309	144
char	283	270	317	321
char	283	19	319	56
char	286	358	303	423
char	291	195	321	232
char	304	459	337	497
char	308	371	344	409
char	312	108	360	144
char	320	283	356	321
char	323	19	354	57
char	324	182	338	247
char	343	446	351	496
char	344	195	380	233
char	347	371	381	424
char	358	19	394	56
char	359	271	378	321
char	363	108	396	144
char	378	459	409	497
char	381	284	415	321
char	384	358	396	423
char	385	195	416	232
char	399	358	412	423
char	416	371	452	409
char	416	6	448	56
char	417	107	451	145
char	421	270	428	320
char	424	182	458	234
char	434	459	470	497
char	434	283	469	321
char	463	195	498	246
char	470	107	511	144
char	475	446	510	497
char	475	371	506	409
char	475	283	510	334
char	475	6	508	56
