line	0	0	511	61
line	0	85	511	152
line	0	175	511	242
line	0	265	511	331
line	0	355	511	422
line	0	445	511	511
word	0	445	174	497
word	0	355	40	406
word	0	265	187	319
word	0	175	321	242
word	0	85	199	152
word	0	0	138	47
word	62	371	194	422
word	159	0	251	61
word	196	445	511	511
word	206	281	262	315
word	214	355	315	407
word	219	101	315	151
word	274	0	511	61
word	283	265	451	331
word	336	355	374	405
word	337	102	431	137
word	344	175	511	241
word	397	371	464	422
word	453	101	511	136
word	474	265	511	316
word	487	372	511	407
char	0	450	14	496
char	0	354	13	405
char	0	281	10	319
char	0	192	32	242
char	0	101	31	151
char	0	12	26	47
char	13	283	64	316
char	17	371	41	406
char	18	463	45	496
char	29	13	80	46
char	34	174	71	223
char	34	84	63	133
char	49	444	84	496
char	56	104	91	136
char	61	370	97	421
char	67	282	103	317
char	74	192	101	227
char	84	0	119	43
char	85	464	136	496
char	94	102	129	134
char	100	370	156	403
char	104	174	141	223
char	106	264	123	313
char	121	0	139	45
char	126	264	143	315
char	133	101	161	137
char	139	462	175	496
char	143	174	178	227
char	147	264	164	315
char	159	370	194	421
char	159	0	177	45
char	164	104	199	136
char	167	272	187	316
char	180	11	214	61
char	181	192	209	226
char	194	444	212	495
char	204	281	263	315
char	212	359	234	406
char	212	194	247	242
char	215	444	251	495
char	217	101	241	135
char	217	11	252	61
char	237	354	258	403
char	244	101	278	151
char	249	174	284	222
char	253	464	287	495
char	260	354	276	404
char	273	0	330	47
char	279	372	316	405
char	282	281	313	317
char	282	100	315	136
char	286	194	322	225
char	290	463	324	495
char	315	264	351	313
char	327	460	356	511
char	333	0	349	45
char	335	354	355	405
char	335	102	372	136
char	342	190	376	227
char	352	14	388	61
char	353	281	387	331
char	358	354	375	405
char	359	444	377	511
char	375	101	431	133
char	379	174	415	223
char	380	444	399	511
char	389	264	425	313
char	390	11	426	43
char	396	371	426	406
char	405	444	423	495
char	417	194	451	226
char	426	463	462	511
char	428	374	465	422
char	429	281	452	317
char	429	0	450	44
char	451	101	481	136
char	452	0	458	8
char	453	13	485	47
char	454	190	490	223
char	464	460	499	493
char	472	264	509	316
char	485	371	511	407
char	485	104	511	133
char	489	11	511	47
char	493	192	511	241
char	502	450	511	496
