line	0	0	511	61
line	0	85	511	151
line	0	175	511	241
line	0	265	511	332
line	0	354	511	422
line	0	445	511	511
word	0	445	59	502
word	0	369	17	405
word	0	280	9	316
word	0	175	93	241
word	0	100	106	135
word	0	0	201	61
word	33	279	101	316
word	40	356	63	406
word	83	445	460	511
word	86	370	115	406
word	115	175	486	241
word	121	265	333	332
word	130	85	370	151
word	139	369	168	405
word	191	355	406	421
word	225	0	371	61
word	344	265	511	331
word	392	0	428	46
word	395	100	484	135
word	429	354	511	422
word	454	10	511	45
word	482	460	511	495
word	504	190	511	226
word	507	101	511	135
char	0	457	16	497
char	0	368	17	405
char	0	279	9	315
char	0	189	10	224
char	0	0	16	61
char	3	99	35	135
char	14	174	51	225
char	20	444	60	495
char	22	8	54	45
char	31	279	62	315
char	38	355	64	406
char	39	99	73	135
char	55	189	94	241
char	58	0	96	45
char	66	282	101	315
char	77	99	107	135
char	82	459	113	496
char	84	369	115	406
char	100	9	124	45
char	113	190	170	226
char	116	459	152	511
char	120	280	158	331
char	128	99	168	151
char	128	0	168	45
char	137	369	169	405
char	155	444	195	493
char	162	279	196	314
char	172	101	209	135
char	172	9	202	45
char	173	189	202	225
char	189	369	221	405
char	196	462	233	511
char	199	264	222	313
char	206	189	244	223
char	213	99	251	151
char	223	9	285	45
char	224	265	263	315
char	225	371	262	405
char	236	459	295	493
char	247	189	281	225
char	255	99	291	151
char	266	369	306	421
char	266	282	302	331
char	285	189	346	225
char	288	9	327	61
char	294	102	330	134
char	299	444	338	496
char	305	264	334	313
char	308	372	344	404
char	331	0	372	45
char	333	84	371	133
char	341	444	378	495
char	343	264	367	331
char	346	354	365	405
char	350	190	387	225
char	369	372	406	405
char	372	280	411	331
char	382	459	421	511
char	390	0	429	45
char	391	189	424	225
char	393	99	428	135
char	413	265	436	314
char	424	461	461	493
char	426	174	447	241
char	427	354	448	405
char	432	102	485	135
char	439	281	469	315
char	452	370	478	405
char	452	9	484	45
char	454	189	487	226
char	472	264	490	315
char	480	459	511	495
char	481	353	502	422
char	487	9	511	43
char	493	282	511	315
char	503	189	511	226
char	506	100	511	135
