line	0	12	123	53
line	0	88	511	155
line	0	179	511	245
line	0	268	511	333
line	0	356	511	421
line	0	445	511	511
word	0	445	216	511
word	0	357	101	408
word	0	268	168	333
word	0	179	284	245
word	0	88	326	155
word	0	12	64	53
word	88	14	123	52
word	128	356	208	408
word	193	268	476	333
word	231	370	267	421
word	241	458	374	497
word	296	357	306	407
word	309	191	347	243
word	331	358	511	409
word	347	89	490	141
word	374	179	472	230
word	392	446	409	511
word	440	446	511	511
word	502	281	511	332
char	0	444	20	497
char	0	367	19	407
char	0	279	39	318
char	0	187	3	230
char	0	87	5	138
char	0	11	21	53
char	7	103	44	155
char	8	178	44	230
char	23	356	58	407
char	24	12	64	52
char	27	445	62	496
char	44	280	84	319
char	48	101	85	141
char	49	191	74	229
char	63	356	102	408
char	66	444	92	496
char	78	191	114	244
char	87	268	104	320
char	87	13	123	52
char	90	89	103	140
char	94	445	131	497
char	106	267	125	333
char	110	89	122	140
char	119	191	157	243
char	127	356	165	408
char	128	281	169	318
char	130	89	143	140
char	135	458	173	511
char	150	101	187	154
char	164	190	202	244
char	172	356	209	407
char	177	457	216	511
char	191	101	227	141
char	192	267	228	318
char	205	191	241	230
char	230	369	268	421
char	231	104	287	140
char	235	280	271	319
char	239	459	297	496
char	247	178	284	231
char	278	279	316	332
char	291	89	327	140
char	294	356	307	407
char	300	457	334	497
char	308	190	346	243
char	319	280	358	333
char	330	370	369	407
char	337	461	374	494
char	345	102	402	140
char	361	281	413	317
char	371	357	393	408
char	373	191	409	229
char	390	445	410	511
char	396	370	431	408
char	404	88	427	140
char	416	267	434	333
char	417	178	428	229
char	429	89	451	141
char	434	178	472	230
char	435	370	490	407
char	438	445	450	496
char	440	279	477	319
char	455	457	488	497
char	455	102	491	140
char	491	445	509	511
char	493	369	511	407
char	501	280	511	319
