line	0	4	511	71
line	0	94	395	160
line	0	182	511	248
line	0	270	511	321
line	0	358	511	424
line	0	446	511	511
word	0	446	116	497
word	0	358	220	424
word	0	270	231	321
word	0	182	318	248
word	0	110	6	145
word	0	6	97	57
word	28	110	57	144
word	78	94	254	159
word	120	6	152	71
word	135	446	245	511
word	179	2	511	71
word	242	375	297	408
word	252	270	309	321
word	268	462	300	511
word	274	94	395	160
word	318	358	487	424
word	321	446	511	511
word	327	270	511	321
word	343	198	398	232
word	418	199	511	233
word	501	359	511	424
char	0	460	4	497
char	0	373	29	408
char	0	276	14	321
char	0	199	11	247
char	0	110	5	144
char	0	20	9	57
char	7	445	41	496
char	11	5	47	55
char	14	198	42	231
char	17	275	35	320
char	26	109	58	144
char	32	374	64	423
char	35	288	70	319
char	44	462	73	497
char	45	198	73	232
char	50	5	66	56
char	67	377	117	406
char	70	22	98	57
char	72	289	106	321
char	76	451	94	496
char	76	110	109	144
char	77	181	107	231
char	97	452	117	496
char	102	199	129	232
char	109	269	142	320
char	112	113	148	159
char	118	5	130	56
char	121	374	155	423
char	133	445	168	496
char	133	181	162	232
char	133	5	153	71
char	146	286	179	320
char	151	110	178	143
char	157	374	184	408
char	158	200	188	232
char	171	451	189	497
char	177	5	213	57
char	181	93	215	143
char	182	269	200	320
char	187	357	221	408
char	191	463	225	511
char	192	198	247	231
char	204	287	232	321
char	215	5	232	55
char	217	93	255	144
char	229	445	246	496
char	236	24	264	57
char	240	374	297	408
char	250	181	265	232
char	251	275	272	321
char	267	462	301	511
char	267	22	302	71
char	268	181	297	232
char	273	110	302	144
char	275	269	309	321
char	299	181	319	247
char	305	22	328	56
char	306	93	322	143
char	317	357	352	409
char	319	463	357	511
char	324	111	358	159
char	325	286	381	320
char	332	22	361	57
char	341	197	399	232
char	355	376	387	423
char	360	445	373	495
char	362	110	396	159
char	364	4	398	56
char	376	445	396	511
char	384	269	420	320
char	390	377	424	407
char	400	463	435	496
char	402	5	421	55
char	416	199	453	232
char	422	269	455	321
char	423	6	457	56
char	428	374	456	408
char	438	461	473	496
char	457	198	484	232
char	458	269	475	318
char	460	374	487	408
char	460	25	495	56
char	475	465	510	496
char	478	287	508	321
char	487	198	511	230
char	498	5	511	55
char	500	358	511	424
