line	0	0	511	61
line	0	85	511	151
line	0	175	511	241
line	0	265	511	331
line	0	355	511	421
line	0	445	511	511
word	0	445	511	511
word	0	355	446	421
word	0	265	262	331
word	0	175	215	241
word	0	85	266	151
word	0	8	88	61
word	115	0	228	47
word	241	189	275	227
word	254	0	372	47
word	288	265	511	331
word	296	85	407	150
word	299	189	334	227
word	357	175	490	241
word	401	0	407	46
word	428	85	511	137
word	437	8	511	60
word	472	368	511	407
char	0	455	14	496
char	0	367	12	407
char	0	275	14	316
char	0	188	13	239
char	0	98	16	137
char	0	8	14	47
char	16	368	48	407
char	16	8	50	61
char	17	174	25	226
char	18	444	49	496
char	21	96	37	136
char	22	264	30	316
char	29	187	66	226
char	35	278	70	331
char	38	84	54	151
char	52	370	86	404
char	55	457	90	510
char	55	7	89	47
char	59	98	92	138
char	70	187	101	226
char	74	278	111	316
char	90	368	122	407
char	93	444	117	496
char	98	84	130	136
char	110	174	117	226
char	114	264	148	317
char	114	0	148	47
char	119	444	150	496
char	123	187	160	227
char	127	367	162	421
char	138	98	170	137
char	151	278	202	316
char	154	0	187	46
char	155	444	190	497
char	166	368	203	406
char	166	174	174	226
char	174	98	209	136
char	179	187	216	227
char	192	8	229	47
char	195	444	214	497
char	205	277	238	330
char	206	354	214	406
char	212	84	234	136
char	218	459	253	497
char	221	367	256	420
char	236	100	266	137
char	240	188	276	227
char	242	264	263	317
char	252	7	289	47
char	256	458	307	494
char	260	355	279	407
char	282	368	317	420
char	286	264	320	317
char	292	0	313	45
char	295	84	303	136
char	298	188	335	226
char	308	97	343	150
char	311	457	342	496
char	316	7	337	46
char	320	368	353	407
char	323	264	359	317
char	339	0	373	47
char	348	97	385	137
char	351	444	383	496
char	356	187	390	240
char	358	354	392	407
char	366	277	401	330
char	386	458	419	510
char	389	85	407	137
char	394	174	414	227
char	396	368	447	405
char	399	0	408	46
char	404	277	439	330
char	415	174	435	227
char	422	458	474	496
char	426	98	479	136
char	435	7	470	60
char	439	188	491	226
char	444	277	479	331
char	470	368	503	407
char	474	8	510	47
char	476	444	498	496
char	482	84	511	137
char	487	278	511	318
char	497	459	511	511
char	506	368	511	407
