line	0	0	511	67
line	0	90	511	156
line	0	178	511	245
line	0	268	511	333
line	0	357	286	421
line	0	445	511	511
word	0	458	96	497
word	0	357	196	421
word	0	268	160	332
word	0	178	511	245
word	0	103	17	156
word	0	0	111	67
word	43	90	204	141
word	117	458	354	511
word	137	0	292	67
word	187	281	221	318
word	223	90	287	155
word	225	357	286	408
word	248	268	423	333
word	312	90	476	154
word	312	14	429	65
word	380	458	414	497
word	442	445	511	497
word	448	279	485	319
word	458	0	511	52
word	499	103	511	141
char	0	457	37	497
char	0	368	20	421
char	0	279	20	332
char	0	192	17	230
char	0	102	17	155
char	0	12	20	67
char	20	193	58	229
char	23	281	80	318
char	26	369	83	407
char	27	5	39	51
char	40	459	97	495
char	41	89	54	140
char	46	12	72	51
char	61	191	99	230
char	61	102	85	140
char	75	5	112	52
char	83	267	120	319
char	88	89	125	141
char	89	370	125	409
char	105	192	141	231
char	115	459	153	496
char	124	280	161	319
char	131	89	168	140
char	133	369	157	407
char	135	12	173	67
char	144	177	171	229
char	156	459	192	511
char	160	356	197	408
char	170	103	205	141
char	174	178	184	229
char	180	5	193	51
char	186	280	222	318
char	189	190	226	230
char	195	457	229	497
char	195	13	233	67
char	222	89	242	155
char	223	369	260	407
char	228	177	254	227
char	235	459	271	497
char	236	14	292	51
char	247	280	283	319
char	249	89	288	141
char	254	192	288	230
char	263	357	287	408
char	276	457	313	497
char	286	282	322	333
char	294	178	331	230
char	310	101	347	141
char	310	14	349	51
char	316	458	354	511
char	327	279	362	318
char	334	193	388	229
char	350	105	387	139
char	352	13	389	51
char	370	267	382	318
char	379	458	415	497
char	387	280	424	319
char	391	191	428	245
char	391	89	404	140
char	393	13	430	65
char	411	101	437	140
char	431	178	468	229
char	440	445	453	496
char	440	102	476	154
char	446	280	486	319
char	456	5	494	52
char	458	458	494	497
char	475	191	511	229
char	498	102	511	141
char	498	5	511	51
char	500	444	511	496
