line	0	6	511	72
line	0	94	511	159
line	0	182	511	247
line	0	270	511	335
line	0	358	511	424
line	0	446	511	511
word	0	446	329	511
word	0	358	163	424
word	0	270	376	335
word	0	182	14	233
word	0	94	141	145
word	15	6	54	57
word	34	182	222	233
word	74	6	204	72
word	159	94	232	159
word	175	358	381	423
word	224	6	351	57
word	243	198	307	247
word	251	94	511	145
word	328	199	479	247
word	349	446	404	497
word	373	23	475	72
word	394	270	484	320
word	403	375	492	408
word	425	462	511	511
word	494	22	511	71
word	500	198	511	232
word	505	284	511	321
word	510	375	511	410
char	0	461	10	496
char	0	377	6	408
char	0	285	45	320
char	0	181	14	232
char	0	93	30	144
char	8	374	36	408
char	11	445	45	496
char	13	5	32	56
char	32	198	87	232
char	32	93	66	144
char	34	12	54	56
char	39	374	73	406
char	48	463	84	495
char	48	286	84	320
char	69	93	103	145
char	72	22	107	72
char	76	377	112	423
char	86	269	103	320
char	87	462	110	496
char	90	181	126	232
char	105	289	141	335
char	105	93	142	142
char	111	5	139	54
char	113	465	147	496
char	114	357	131	407
char	130	198	152	233
char	135	357	164	408
char	135	24	168	72
char	144	286	178	335
char	149	462	183	494
char	156	198	185	233
char	158	93	194	144
char	172	22	204	72
char	173	375	210	408
char	178	286	234	318
char	185	462	219	495
char	188	201	222	232
char	196	113	232	159
char	214	373	237	409
char	222	465	256	496
char	223	23	258	56
char	237	286	259	321
char	240	374	275	423
char	242	198	278	247
char	249	110	301	144
char	258	445	292	496
char	261	23	311	56
char	263	288	312	320
char	276	357	310	406
char	281	198	308	231
char	295	463	329	511
char	304	109	326	142
char	313	377	348	408
char	314	5	331	55
char	315	285	348	318
char	327	199	363	247
char	330	93	361	145
char	334	5	351	56
char	348	445	384	497
char	351	374	382	409
char	351	286	376	320
char	364	93	401	142
char	365	198	387	230
char	372	22	406	72
char	387	445	404	496
char	390	198	412	232
char	392	269	430	320
char	401	113	435	144
char	402	374	459	408
char	410	22	437	54
char	414	201	449	232
char	423	462	447	496
char	430	288	454	320
char	439	110	468	144
char	440	25	475	56
char	449	465	483	496
char	452	198	480	233
char	457	286	485	320
char	462	374	492	408
char	470	93	487	142
char	486	463	511	511
char	490	100	509	144
char	492	22	511	71
char	499	197	511	232
char	504	283	511	320
char	508	377	511	397
