line	0	5	511	70
line	0	106	511	158
line	0	181	511	247
line	0	282	20	332
line	0	357	511	423
line	0	446	511	511
word	0	458	18	511
word	0	370	18	423
word	0	282	20	332
word	0	182	201	247
word	0	106	60	147
word	0	6	59	57
word	45	446	288	497
word	45	357	272	422
word	86	6	337	70
word	88	107	124	158
word	152	107	288	145
word	230	194	265	246
word	284	181	470	247
word	298	359	319	409
word	313	459	347	497
word	313	107	347	145
word	343	370	380	409
word	366	5	511	57
word	374	446	511	497
word	374	107	407	144
word	407	358	511	423
word	435	107	511	158
word	493	183	511	234
char	0	458	19	510
char	0	370	19	423
char	0	282	20	323
char	0	194	19	233
char	0	106	20	146
char	0	19	19	56
char	22	5	60	57
char	25	107	61	145
char	27	193	62	232
char	43	458	82	497
char	44	370	81	409
char	65	195	105	232
char	84	17	140	56
char	85	370	120	409
char	86	459	122	497
char	86	106	124	158
char	108	181	144	233
char	126	369	164	422
char	127	445	164	497
char	147	194	186	247
char	147	5	184	56
char	150	107	185	145
char	170	459	204	497
char	171	371	206	409
char	187	19	223	70
char	190	181	202	232
char	191	106	227	145
char	210	356	237	408
char	213	445	248	496
char	226	18	282	56
char	228	194	266	246
char	231	106	288	144
char	239	371	273	409
char	251	446	289	497
char	283	181	303	247
char	284	19	322	56
char	296	358	320	409
char	310	193	367	232
char	311	459	348	497
char	311	107	348	145
char	326	5	338	56
char	341	370	381	409
char	365	5	402	57
char	372	106	408	144
char	373	446	408	496
char	374	181	411	233
char	406	357	441	408
char	406	19	462	55
char	415	445	450	496
char	417	181	429	232
char	433	106	471	158
char	434	194	470	233
char	442	373	479	423
char	453	460	488	497
char	466	5	503	57
char	476	107	511	145
char	480	370	511	406
char	492	458	511	496
char	492	183	511	233
char	507	5	511	56
