line	0	0	511	61
line	0	84	511	151
line	0	175	511	242
line	0	265	511	330
line	0	355	511	422
line	0	445	511	511
word	0	445	153	497
word	0	357	13	406
word	0	278	51	331
word	0	188	54	226
word	0	85	122	137
word	0	8	113	60
word	43	355	429	422
word	79	265	378	318
word	80	188	149	228
word	144	0	291	47
word	147	99	177	137
word	171	175	332	241
word	176	445	342	511
word	203	84	225	136
word	248	85	426	151
word	318	0	431	48
word	356	175	471	242
word	372	445	511	511
word	405	278	474	316
word	452	98	472	136
word	452	0	511	61
word	460	355	511	422
word	492	188	511	227
word	494	96	511	137
word	504	279	511	330
char	0	457	14	497
char	0	366	13	406
char	0	278	13	318
char	0	97	14	136
char	0	7	16	60
char	2	187	54	226
char	17	458	51	497
char	17	277	52	317
char	18	84	25	136
char	20	8	55	47
char	33	84	66	136
char	42	367	61	406
char	58	444	92	497
char	58	7	80	46
char	63	368	97	421
char	69	100	100	137
char	77	264	112	318
char	79	188	112	228
char	83	8	114	46
char	98	457	120	496
char	100	368	134	421
char	103	84	123	137
char	115	278	152	317
char	117	187	150	226
char	123	457	154	496
char	138	367	159	406
char	142	7	195	46
char	145	98	178	137
char	155	264	190	317
char	163	368	193	406
char	169	174	186	241
char	174	444	190	511
char	194	277	246	316
char	194	187	216	226
char	195	458	230	496
char	198	8	233	46
char	201	368	254	406
char	202	84	226	136
char	219	174	250	226
char	234	458	267	497
char	236	0	255	47
char	246	84	281	137
char	249	278	284	317
char	258	174	293	228
char	258	0	292	47
char	262	367	314	406
char	269	444	303	497
char	284	100	329	134
char	288	278	324	317
char	296	188	333	227
char	311	458	343	497
char	316	8	352	47
char	319	368	356	407
char	330	264	362	316
char	332	84	346	151
char	354	188	391	241
char	354	84	387	136
char	356	7	393	48
char	360	368	394	407
char	371	444	404	496
char	371	264	378	316
char	391	98	427	136
char	392	174	412	227
char	396	354	430	407
char	396	0	431	47
char	403	278	438	316
char	407	444	440	496
char	416	187	437	226
char	440	174	472	226
char	443	458	475	497
char	443	277	474	316
char	450	97	473	136
char	450	0	467	61
char	458	354	467	406
char	470	355	490	407
char	472	7	506	47
char	483	457	511	510
char	491	188	511	227
char	493	368	511	422
char	493	96	511	137
char	502	278	511	330
