line	0	5	477	72
line	0	93	511	159
line	0	182	511	248
line	0	270	511	336
line	0	358	511	424
line	0	446	511	511
word	0	446	159	511
word	0	358	81	409
word	0	286	30	320
word	0	199	25	233
word	0	111	149	159
word	0	6	178	72
word	46	200	97	233
word	51	270	433	336
word	103	358	231	408
word	110	182	378	248
word	174	111	196	144
word	180	446	197	496
word	198	5	306	71
word	219	446	455	511
word	219	93	511	159
word	250	358	287	408
word	307	358	511	424
word	328	12	377	57
word	398	199	432	232
word	398	6	437	72
word	452	287	511	322
word	454	198	511	233
word	474	464	511	496
char	0	464	27	496
char	0	374	9	409
char	0	286	31	320
char	0	198	26	232
char	0	111	9	151
char	0	21	17	56
char	11	113	61	144
char	12	376	45	408
char	20	5	36	56
char	30	445	50	511
char	38	25	73	56
char	44	199	97	233
char	48	357	81	408
char	49	269	68	320
char	55	445	92	496
char	64	111	115	144
char	72	269	88	320
char	77	22	109	71
char	91	289	142	320
char	95	464	122	497
char	101	357	137	408
char	109	181	130	247
char	113	22	140	55
char	119	110	149	144
char	125	463	160	494
char	137	198	167	233
char	139	357	175	408
char	143	25	179	56
char	145	269	178	321
char	170	181	204	232
char	172	110	196	144
char	175	375	232	407
char	178	445	198	496
char	182	287	212	320
char	196	23	233	56
char	207	181	223	231
char	215	269	251	321
char	217	445	230	496
char	217	109	253	159
char	225	199	249	232
char	232	445	252	511
char	236	22	270	71
char	249	357	287	408
char	252	198	278	232
char	253	289	286	320
char	254	100	273	143
char	259	462	290	497
char	272	5	307	56
char	277	93	305	144
char	280	181	300	247
char	288	288	324	335
char	293	462	321	496
char	301	112	329	144
char	304	181	340	232
char	305	373	334	408
char	324	445	340	494
char	325	269	359	318
char	326	22	355	57
char	333	110	363	144
char	338	377	372	408
char	342	465	394	496
char	343	181	378	232
char	358	11	378	56
char	362	286	394	320
char	367	113	402	144
char	376	374	403	408
char	396	199	433	232
char	397	461	428	496
char	397	22	416	56
char	398	269	433	320
char	405	93	434	143
char	407	374	436	408
char	418	5	438	72
char	427	112	461	159
char	431	462	456	494
char	439	357	456	408
char	451	287	503	321
char	452	198	485	232
char	458	377	486	408
char	464	93	481	143
char	472	463	509	496
char	484	99	502	144
char	488	357	508	424
char	488	198	511	230
char	503	94	511	143
char	506	288	511	321
