line	0	0	511	61
line	0	85	511	151
line	0	175	511	241
line	0	264	222	315
line	0	355	511	421
line	0	445	511	511
word	0	460	36	511
word	0	370	194	406
word	0	264	72	315
word	0	191	32	225
word	0	9	172	61
word	20	100	53	151
word	51	175	511	241
word	58	445	202	511
word	76	85	106	135
word	95	265	222	315
word	120	85	240	151
word	197	0	428	45
word	219	370	352	421
word	225	460	379	496
word	263	99	329	135
word	353	85	511	151
word	376	355	511	421
word	401	460	511	511
word	449	10	511	45
char	0	459	37	511
char	0	369	35	406
char	0	263	8	276
char	0	190	33	225
char	0	8	17	45
char	5	280	35	314
char	18	99	54	151
char	20	11	57	61
char	38	372	91	405
char	39	279	73	315
char	49	174	72	241
char	56	460	94	495
char	60	9	90	43
char	74	84	106	135
char	78	189	140	225
char	93	10	131	45
char	94	369	154	405
char	94	278	155	315
char	98	444	120	493
char	118	101	157	151
char	123	444	161	495
char	134	9	173	61
char	144	189	179	241
char	157	370	195	405
char	159	266	181	315
char	159	84	197	133
char	165	459	203	511
char	182	174	211	223
char	184	264	223	315
char	195	9	235	45
char	201	84	241	135
char	208	192	242	225
char	217	369	249	406
char	223	459	279	496
char	239	0	263	45
char	246	189	279	225
char	253	369	283	404
char	262	99	293	135
char	266	0	302	45
char	282	460	317	494
char	282	189	314	225
char	286	369	323	421
char	297	99	330	135
char	306	11	342	45
char	318	189	342	225
char	321	459	380	495
char	327	369	352	404
char	345	9	404	45
char	346	190	384	225
char	352	99	389	135
char	374	368	415	421
char	388	189	426	241
char	392	84	414	151
char	400	460	438	511
char	408	0	428	45
char	418	354	447	403
char	420	99	482	135
char	430	190	468	225
char	441	459	479	493
char	444	371	482	405
char	447	9	488	45
char	472	191	511	225
char	482	461	511	495
char	485	369	511	405
char	485	99	511	135
char	491	9	511	45
