line	0	0	511	61
line	0	84	511	151
line	0	175	511	241
line	0	265	511	330
line	0	356	511	422
line	0	445	511	511
word	0	445	250	511
word	0	367	190	422
word	0	265	511	330
word	0	85	155	151
word	0	8	73	61
word	19	175	214	241
word	99	8	133	46
word	156	0	398	61
word	180	84	346	151
word	216	368	266	406
word	237	188	311	241
word	272	445	412	511
word	292	356	346	407
word	340	175	426	241
word	365	98	398	151
word	373	368	446	421
word	422	8	511	60
word	423	99	474	136
word	432	445	511	511
word	456	175	511	236
word	473	369	511	407
word	500	98	511	137
char	0	455	13	496
char	0	366	15	407
char	0	277	14	330
char	0	97	15	137
char	0	7	34	46
char	17	174	51	226
char	19	457	54	510
char	19	97	54	151
char	22	367	54	406
char	22	278	54	318
char	39	8	74	61
char	54	189	88	228
char	57	84	81	136
char	58	458	94	511
char	59	367	94	421
char	62	277	94	316
char	83	84	116	137
char	91	190	142	224
char	97	458	132	496
char	98	7	134	46
char	102	367	136	420
char	102	264	110	316
char	115	278	149	317
char	122	84	156	136
char	135	457	170	510
char	139	368	191	405
char	145	188	177	227
char	152	278	187	317
char	155	8	188	47
char	175	444	210	497
char	178	97	231	136
char	180	189	214	241
char	191	278	222	317
char	191	0	212	45
char	214	458	251	496
char	214	367	267	406
char	215	8	245	60
char	228	277	263	317
char	234	98	265	136
char	235	188	270	241
char	247	0	262	61
char	266	278	299	330
char	267	84	282	151
char	268	7	302	47
char	270	458	306	511
char	275	187	312	227
char	287	98	321	137
char	290	355	311	407
char	303	0	318	61
char	304	264	339	318
char	310	444	318	496
char	315	368	346	407
char	323	7	359	61
char	324	458	359	497
char	324	84	347	136
char	338	187	373	240
char	343	278	396	316
char	362	8	399	46
char	363	444	370	496
char	364	97	399	150
char	372	368	407	421
char	376	458	412	497
char	376	187	409	227
char	399	264	433	317
char	412	174	426	241
char	414	367	447	406
char	420	8	455	47
char	422	98	475	136
char	430	444	446	511
char	437	278	473	317
char	452	457	487	511
char	455	174	487	226
char	459	7	479	46
char	471	368	507	407
char	479	264	511	316
char	483	8	511	60
char	494	458	511	497
char	495	174	503	226
char	498	97	511	136
char	508	201	511	227
