line	0	6	511	71
line	0	95	511	159
line	0	183	511	247
line	0	270	511	335
line	0	358	511	423
line	0	446	511	511
word	0	447	116	497
word	0	373	36	407
word	0	270	191	335
word	0	183	293	247
word	0	109	50	159
word	0	6	381	71
word	59	358	344	423
word	72	95	231	159
word	138	446	167	495
word	181	460	217	511
word	215	271	278	320
word	241	447	385	496
word	252	108	289	159
word	299	271	405	320
word	312	108	511	144
word	318	183	391	232
word	368	358	426	407
word	402	7	511	71
word	406	447	445	495
word	414	195	511	247
word	430	284	498	320
word	448	372	484	423
word	465	446	511	497
word	508	373	511	409
char	0	459	37	495
char	0	372	37	407
char	0	284	56	319
char	0	195	27	231
char	0	108	11	144
char	0	21	13	69
char	15	110	51	159
char	17	20	48	56
char	31	196	54	232
char	40	446	79	497
char	52	20	83	56
char	58	358	98	407
char	58	196	96	231
char	59	284	89	320
char	70	94	111	143
char	83	461	117	496
char	87	20	123	53
char	93	269	121	317
char	99	199	135	232
char	100	375	131	408
char	114	109	150	159
char	116	285	152	335
char	127	6	167	55
char	134	357	155	423
char	136	445	167	495
char	138	196	172	247
char	153	111	189	159
char	155	285	191	318
char	162	372	199	408
char	170	22	201	56
char	176	182	213	231
char	179	460	218	511
char	193	94	232	141
char	204	358	242	407
char	205	6	244	56
char	213	270	251	320
char	217	182	255	229
char	239	446	260	495
char	245	375	280	407
char	248	6	285	53
char	251	107	290	159
char	254	272	279	320
char	258	182	294	232
char	263	463	299	496
char	284	372	317	409
char	289	21	347	55
char	297	285	333	319
char	303	461	341	496
char	311	107	342	143
char	317	182	357	231
char	320	372	345	408
char	337	283	366	320
char	345	446	385	495
char	346	107	369	144
char	351	20	381	55
char	361	197	392	232
char	366	372	404	407
char	370	270	406	320
char	373	107	403	144
char	401	19	431	56
char	404	446	445	495
char	407	111	458	144
char	408	357	427	407
char	412	197	450	232
char	429	283	459	320
char	435	23	467	53
char	446	371	484	423
char	453	195	485	232
char	462	107	491	144
char	463	286	499	320
char	464	445	492	495
char	471	21	503	56
char	488	195	511	247
char	492	461	511	496
char	494	111	511	142
char	504	19	511	71
char	507	373	511	408
