line	0	1	511	53
line	0	90	226	141
line	0	189	203	243
line	0	267	511	333
line	0	356	511	423
line	0	446	511	511
word	0	446	227	511
word	0	356	38	409
word	0	268	139	333
word	0	180	203	243
word	0	90	226	141
word	0	15	38	51
word	64	0	158	53
word	67	356	378	423
word	161	267	353	319
word	186	0	259	51
word	245	446	511	511
word	282	14	316	53
word	340	0	421	53
word	377	268	511	333
word	397	356	511	422
word	446	0	511	52
char	0	367	21	409
char	0	281	38	333
char	0	190	19	229
char	0	102	18	141
char	0	14	39	51
char	3	457	28	496
char	22	89	60	141
char	23	191	79	229
char	26	355	39	407
char	31	458	69	497
char	41	267	54	318
char	59	280	98	319
char	62	5	74	51
char	64	104	102	138
char	65	368	122	407
char	72	460	110	494
char	82	5	120	53
char	84	190	122	243
char	102	281	140	316
char	105	101	141	141
char	115	445	149	496
char	123	13	159	52
char	126	369	159	409
char	126	191	163	230
char	144	102	183	141
char	151	460	187	511
char	159	267	184	319
char	162	356	180	423
char	168	191	204	231
char	184	5	220	51
char	187	267	221	318
char	188	368	226	421
char	188	89	227	141
char	189	459	228	494
char	224	266	248	318
char	224	5	260	51
char	231	369	268	407
char	243	445	263	511
char	249	269	286	319
char	271	445	307	496
char	273	368	309	408
char	280	13	317	53
char	289	266	315	317
char	310	459	344	497
char	313	372	350	405
char	316	281	354	319
char	338	5	362	53
char	350	445	386	496
char	354	369	379	407
char	366	13	421	51
char	375	280	434	318
char	387	460	424	496
char	396	370	435	422
char	427	458	483	496
char	437	267	449	318
char	439	356	475	407
char	444	5	468	52
char	454	280	490	319
char	469	16	507	51
char	482	355	511	407
char	486	457	511	500
char	493	283	511	333
