line	0	0	511	61
line	0	85	511	151
line	0	175	511	241
line	0	265	511	331
line	0	355	511	421
line	0	445	511	511
word	0	445	111	496
word	0	355	453	421
word	0	265	144	331
word	0	190	64	225
word	0	85	103	135
word	0	9	48	61
word	70	0	109	45
word	86	175	191	241
word	125	100	241	135
word	131	0	198	46
word	132	445	433	511
word	172	279	383	331
word	213	189	281	241
word	221	10	312	45
word	262	101	335	135
word	302	189	380	241
word	334	10	448	61
word	356	85	511	151
word	401	175	511	226
word	407	279	511	331
word	448	445	511	511
word	472	10	511	45
word	477	369	511	405
char	0	458	18	495
char	0	369	13	421
char	0	279	39	315
char	0	190	32	225
char	0	84	7	95
char	0	9	9	46
char	5	102	43	135
char	12	11	49	61
char	17	369	54	421
char	21	459	55	496
char	35	189	65	225
char	43	279	81	315
char	46	84	65	135
char	58	354	99	405
char	59	459	90	495
char	68	102	103	135
char	69	0	109	45
char	84	264	120	316
char	84	189	124	241
char	93	444	112	493
char	102	371	132	405
char	123	264	145	331
char	123	99	184	135
char	127	174	148	223
char	130	460	169	511
char	131	0	169	45
char	136	354	173	405
char	151	174	192	225
char	170	278	232	315
char	173	444	210	495
char	173	9	199	45
char	177	369	209	405
char	187	102	241	135
char	211	189	242	225
char	213	369	242	405
char	214	448	236	495
char	219	10	274	45
char	234	282	270	316
char	240	446	262	495
char	245	192	281	241
char	246	369	306	403
char	260	100	297	135
char	265	444	302	495
char	273	280	309	331
char	277	10	312	45
char	300	189	340	241
char	300	101	335	135
char	306	459	338	496
char	309	356	332	405
char	312	280	347	313
char	333	9	369	45
char	335	357	358	405
char	342	459	401	493
char	344	188	381	225
char	351	279	384	315
char	354	84	376	135
char	361	370	391	405
char	373	9	406	45
char	379	99	403	135
char	395	369	454	404
char	400	174	421	225
char	405	444	434	495
char	406	279	441	315
char	407	99	443	136
char	409	9	449	61
char	424	174	462	226
char	445	281	479	314
char	446	99	481	151
char	447	444	487	495
char	466	174	507	225
char	470	9	510	45
char	475	368	507	405
char	483	279	511	331
char	485	99	509	133
char	490	462	511	511
