line	0	0	511	67
line	0	89	479	155
line	0	178	511	245
line	0	267	511	333
line	0	355	511	408
line	0	445	511	511
word	0	445	133	511
word	0	371	8	408
word	0	282	115	333
word	0	179	102	243
word	0	90	114	141
word	0	14	54	66
word	31	357	173	408
word	78	0	213	51
word	123	178	203	245
word	138	267	486	333
word	138	89	285	155
word	161	445	496	511
word	197	370	295	407
word	225	179	353	230
word	235	0	354	67
word	307	90	326	139
word	319	370	356	407
word	348	103	439	140
word	375	179	441	229
word	376	15	446	51
word	380	355	511	408
word	464	182	511	245
word	469	0	511	51
word	509	285	511	332
char	0	460	9	496
char	0	370	8	407
char	0	281	34	333
char	0	191	15	238
char	0	105	32	139
char	0	15	13	51
char	13	461	49	496
char	16	14	55	66
char	20	178	58	229
char	29	356	71	406
char	36	105	72	141
char	39	283	77	318
char	53	459	110	495
char	61	178	103	228
char	74	371	98	407
char	76	16	114	51
char	77	89	115	139
char	81	284	116	317
char	101	374	136	406
char	112	444	134	511
char	118	5	156	51
char	121	177	143	229
char	136	281	193	317
char	137	103	176	155
char	139	372	174	408
char	144	177	166	244
char	159	445	202	495
char	159	18	214	51
char	173	192	204	229
char	179	88	197	137
char	195	371	233	407
char	196	266	217	333
char	201	105	230	140
char	205	461	237	496
char	222	283	259	318
char	223	178	244	228
char	233	107	286	140
char	233	5	273	51
char	237	370	268	406
char	241	463	274	493
char	247	193	285	228
char	262	283	298	333
char	272	370	296	407
char	276	18	311	66
char	277	461	313	511
char	288	178	326	230
char	300	283	352	317
char	305	89	326	139
char	314	5	355	48
char	316	445	351	493
char	317	370	357	407
char	329	180	354	229
char	346	103	377	140
char	353	444	375	511
char	356	267	374	316
char	373	178	415	228
char	374	14	409	51
char	378	370	413	407
char	378	281	410	318
char	380	445	420	496
char	381	103	440	137
char	413	18	447	48
char	414	281	444	318
char	416	369	442	407
char	418	194	442	229
char	423	463	459	494
char	446	355	475	405
char	448	267	486	315
char	463	459	497	496
char	463	192	501	244
char	468	14	498	51
char	473	372	505	407
char	501	0	511	48
char	503	181	511	244
char	507	284	511	331
