line	0	1	511	53
line	0	90	511	155
line	0	179	511	231
line	0	267	511	333
line	0	356	511	421
line	0	445	511	498
word	0	446	39	496
word	0	357	260	409
word	0	268	62	321
word	0	179	416	231
word	0	90	139	155
word	0	0	351	53
word	65	445	465	497
word	91	281	169	332
word	165	90	511	154
word	195	280	229	319
word	249	267	266	333
word	281	356	430	421
word	296	281	330	319
word	360	268	370	318
word	374	14	412	53
word	399	268	511	320
word	438	13	511	53
word	445	179	511	229
word	449	357	507	407
word	488	446	511	498
char	0	357	23	409
char	0	278	21	320
char	0	188	21	231
char	0	99	19	140
char	0	11	20	51
char	3	445	39	496
char	25	191	61	231
char	26	280	63	318
char	27	356	64	408
char	27	89	62	140
char	27	5	65	52
char	63	457	99	497
char	63	105	100	155
char	66	178	104	231
char	68	356	106	408
char	70	13	106	52
char	89	280	125	318
char	103	459	158	495
char	104	102	140	154
char	109	178	146	230
char	111	369	148	409
char	112	12	148	52
char	131	280	169	332
char	151	369	190	408
char	151	15	189	49
char	152	178	165	229
char	160	444	184	496
char	164	101	200	141
char	169	191	205	231
char	187	445	222	496
char	193	280	230	319
char	193	13	228	52
char	195	356	231	407
char	206	89	219	140
char	211	190	247	229
char	224	102	262	154
char	226	445	261	496
char	231	13	266	52
char	235	369	260	407
char	247	267	267	333
char	254	191	291	229
char	264	445	300	496
char	270	103	305	141
char	272	13	307	52
char	280	368	316	408
char	294	280	331	319
char	294	192	333	229
char	305	457	341	497
char	310	89	349	141
char	315	5	352	51
char	320	368	358	421
char	337	178	350	229
char	344	460	382	494
char	354	179	377	230
char	355	102	391	141
char	358	267	370	318
char	365	367	402	421
char	373	13	413	52
char	380	178	417	230
char	386	445	423	497
char	397	280	433	318
char	399	89	435	140
char	405	355	431	406
char	430	445	465	496
char	436	12	474	52
char	437	281	476	318
char	439	89	476	141
char	443	178	480	229
char	447	369	486	407
char	478	13	511	52
char	479	105	511	139
char	480	267	511	320
char	486	445	511	498
char	486	190	511	229
char	491	356	503	407
