char	0	463	12	497
char	14	445	50	497
char	44	445	64	512
char	72	462	101	497
char	105	462	134	497
char	136	462	193	496
char	194	445	231	496
char	234	462	257	497
word	0	445	257	512
char	278	445	315	496
char	317	462	351	512
word	278	445	351	512
char	371	445	406	497
char	411	445	428	496
word	371	445	428	497
char	450	462	484	512
char	487	462	512	512
word	450	445	512	512
line	0	445	512	512
char	0	372	13	422
char	13	373	49	406
char	52	355	82	406
word	0	355	82	422
char	92	355	127	407
char	130	372	155	406
char	157	372	189	407
char	194	372	223	407
char	227	355	262	407
char	264	372	298	422
char	302	355	331	406
char	326	372	357	407
word	92	355	357	422
char	377	372	411	422
char	415	372	445	407
word	377	372	445	422
char	464	373	500	406
word	464	373	500	406
line	0	355	500	422
char	0	265	13	316
char	15	282	43	317
char	47	282	76	317
char	78	282	115	316
char	117	265	134	316
char	138	282	169	317
word	0	265	169	332
char	187	265	222	317
char	226	282	255	317
word	187	265	255	317
char	278	282	310	317
char	313	282	338	316
char	338	283	375	317
char	375	283	412	317
char	413	265	449	316
word	278	265	449	317
char	468	265	503	317
char	506	282	512	316
word	468	265	512	317
line	0	265	512	317
char	0	175	13	226
char	14	175	32	226
word	0	175	32	242
char	51	192	87	242
word	51	192	87	242
char	108	175	146	226
char	146	193	181	226
char	182	193	219	227
char	222	192	250	227
word	108	175	250	227
char	271	192	296	226
char	295	192	333	226
char	333	192	390	226
char	391	174	428	226
word	271	174	428	226
char	449	174	478	226
char	471	193	508	242
word	449	174	508	242
line	0	174	508	242
char	0	102	1	137
char	4	84	41	136
char	41	102	78	136
char	81	84	98	136
char	101	84	137	137
char	137	102	194	136
char	196	102	232	152
char	231	102	266	152
char	271	102	299	137
char	303	102	337	152
char	333	84	353	152
char	359	84	394	137
char	397	103	433	136
char	434	103	471	137
char	473	84	503	136
char	498	102	512	137
word	0	84	512	152
line	0	84	512	152
char	0	12	1	47
word	0	0	1	62
char	22	12	58	62
char	62	0	79	46
char	81	13	117	47
word	22	0	117	62
char	137	0	174	46
char	174	12	211	46
char	213	0	249	47
char	250	12	286	62
char	286	12	311	46
char	311	12	336	46
word	137	0	336	62
char	353	0	389	47
char	393	12	429	62
char	429	2	449	47
char	451	0	487	47
word	353	0	487	62
char	507	12	512	62
word	507	0	512	62
line	0	0	512	62
