char	0	460	3	497
char	7	449	30	497
char	33	460	71	496
char	75	460	105	496
char	107	460	137	497
char	141	446	179	497
word	0	445	179	512
char	201	460	260	496
char	264	460	294	497
char	298	460	328	496
char	331	460	365	497
word	201	460	365	497
char	386	449	410	497
char	413	460	442	497
word	386	449	442	497
char	465	460	497	497
char	501	446	512	497
word	465	446	512	497
line	0	446	512	497
char	0	373	13	407
char	16	371	50	408
char	52	357	90	408
char	95	371	133	407
word	0	356	133	423
char	156	357	194	408
char	199	371	233	408
char	236	371	266	408
char	269	371	299	408
char	301	357	321	407
char	322	357	342	407
char	343	373	396	408
word	156	357	396	408
char	417	360	441	408
word	417	360	441	408
char	461	357	480	407
char	483	371	512	407
char	512	356	512	423
word	461	356	512	423
line	0	356	512	423
char	0	284	34	319
char	37	282	72	334
word	0	267	72	334
char	94	282	123	319
word	94	282	123	319
char	144	284	181	319
char	183	282	221	318
char	226	282	255	319
char	254	267	276	334
char	283	271	307	319
char	309	267	338	318
char	334	268	371	319
char	375	271	399	319
char	402	282	435	319
char	438	284	475	334
char	477	284	512	319
word	144	267	512	334
line	0	267	512	334
char	0	193	13	230
char	16	193	41	230
word	0	178	41	245
char	64	193	102	245
word	64	193	102	245
char	125	193	155	229
word	125	193	155	229
char	175	182	198	230
char	201	193	226	230
word	175	182	226	230
char	249	193	287	245
char	291	179	329	230
char	333	193	392	229
word	249	179	392	245
char	415	193	453	245
word	415	193	453	245
char	476	193	506	229
char	509	193	512	230
word	476	178	512	245
line	0	179	512	245
char	0	90	34	141
word	0	90	34	141
char	58	104	96	140
char	100	104	138	140
char	142	90	180	140
char	184	90	224	140
word	58	90	224	140
char	245	90	285	140
char	282	89	304	156
char	312	90	350	141
char	353	90	390	141
word	245	89	390	156
char	414	93	437	141
char	435	89	457	156
char	465	104	503	140
word	414	89	503	156
line	0	89	503	156
char	0	4	1	52
char	0	0	21	67
char	28	4	52	52
word	0	0	52	67
char	73	0	102	51
char	99	1	137	52
char	141	15	165	52
word	73	0	165	52
char	187	0	206	51
char	208	1	227	51
word	187	0	227	51
char	249	15	287	51
char	291	15	350	51
word	249	15	350	51
char	373	15	405	52
char	411	15	440	52
char	444	15	503	51
char	506	17	512	51
word	373	1	512	67
line	0	0	512	67
