char	0	460	4	496
char	8	460	41	496
char	46	445	85	496
char	88	461	123	496
char	125	460	163	512
word	0	445	163	512
char	188	460	227	512
char	228	461	265	496
word	188	460	265	512
char	288	460	322	496
char	326	460	355	496
char	358	445	396	496
char	401	461	439	496
char	444	460	474	496
char	477	461	512	496
word	288	444	512	496
line	0	445	512	512
char	0	355	17	406
char	21	370	81	406
char	85	370	118	406
char	123	370	161	406
char	165	370	204	406
char	208	370	238	406
char	240	371	294	406
char	297	370	332	422
char	335	371	373	406
char	377	355	406	406
char	403	355	441	406
char	445	355	474	406
char	471	355	512	406
word	0	355	512	422
line	0	355	512	422
char	0	280	18	332
char	21	280	54	316
char	58	281	95	332
char	98	265	136	316
char	140	280	175	316
char	178	280	211	316
char	216	280	254	316
char	258	280	297	316
char	301	280	339	316
word	0	265	339	332
char	362	265	401	316
char	404	268	427	316
char	429	265	467	316
char	473	265	511	316
char	510	265	512	332
word	362	265	512	332
line	0	265	512	332
char	0	191	31	226
char	32	191	69	226
char	71	178	95	226
char	98	174	127	226
word	0	174	127	242
char	143	190	177	226
char	181	190	240	226
char	243	174	262	226
char	265	175	304	226
char	307	178	330	226
char	332	178	356	226
word	143	174	356	226
char	377	175	415	226
char	420	190	455	242
word	377	175	455	242
char	477	190	502	226
char	507	175	512	226
word	477	175	512	242
line	0	174	512	242
char	0	100	18	152
char	20	100	58	152
word	0	85	58	152
char	82	100	120	152
word	82	100	120	152
char	144	100	174	136
char	177	85	215	136
char	220	100	250	136
char	255	100	289	136
word	144	85	289	136
char	310	101	346	136
char	349	85	390	136
char	391	100	451	136
char	455	85	496	136
char	496	85	512	136
word	310	85	512	152
line	0	85	512	152
char	0	10	9	46
char	11	11	47	46
char	50	10	110	46
char	114	10	149	46
char	152	0	190	46
char	195	10	233	62
char	237	10	275	62
char	279	10	304	46
char	309	0	347	46
char	351	0	389	46
char	394	10	426	46
char	432	10	491	46
char	493	11	512	46
word	0	0	512	62
line	0	0	512	62
