char	0	445	20	497
char	22	458	58	498
word	0	445	58	512
char	83	458	122	498
char	129	458	166	511
char	173	458	210	511
char	217	458	252	497
char	256	459	294	512
char	300	445	335	497
char	335	459	374	497
char	380	445	414	497
char	421	458	456	498
word	83	445	456	512
char	482	458	512	511
word	482	458	512	511
line	0	445	512	512
char	0	368	21	421
char	28	355	65	408
char	68	369	106	407
char	110	368	145	408
char	150	368	187	421
char	187	355	206	422
char	215	369	250	408
char	259	368	296	421
char	303	368	340	421
char	347	368	371	407
char	366	355	385	422
char	394	368	419	407
char	420	368	459	408
char	462	369	499	422
char	505	355	512	407
word	0	355	512	422
line	0	355	512	422
char	0	278	19	317
char	29	265	39	317
word	0	265	39	332
char	66	278	105	318
char	112	278	137	317
char	140	265	175	317
char	180	278	214	317
char	219	279	258	317
char	259	279	298	317
char	303	265	338	317
char	345	278	382	332
char	390	278	415	317
word	66	265	415	332
char	436	278	472	318
word	436	278	472	318
char	498	265	509	317
word	498	265	512	332
line	0	265	509	332
char	0	189	38	227
char	43	188	77	227
char	82	175	108	227
char	108	188	145	241
char	145	175	164	242
char	165	175	184	242
char	194	175	205	227
char	205	175	224	242
word	0	175	224	242
char	254	175	291	228
char	293	189	332	227
char	336	188	372	241
char	379	188	414	228
char	417	176	439	228
char	445	175	479	227
char	489	175	499	227
char	508	175	512	227
word	254	175	512	242
line	0	175	512	242
char	0	98	40	137
word	0	85	40	152
char	69	98	106	151
char	114	98	148	137
word	69	98	148	151
char	173	99	212	137
char	217	98	254	151
char	257	84	283	137
char	283	98	322	138
char	325	99	364	137
word	173	84	364	151
char	386	86	408	138
char	409	99	446	152
word	386	86	446	152
char	464	85	483	152
char	492	98	512	137
word	464	84	512	152
line	0	84	512	152
char	0	9	18	62
char	21	0	58	48
word	0	0	58	62
char	87	8	111	47
char	111	8	147	48
char	150	9	187	62
char	189	0	212	48
char	214	8	250	48
char	257	0	267	47
char	276	9	311	48
char	320	0	331	47
char	336	0	359	48
char	360	8	396	48
char	403	9	438	48
char	445	8	480	48
char	482	9	512	47
word	87	0	512	62
line	0	0	512	62
