char	0	458	19	497
char	29	445	63	497
char	73	445	107	497
char	116	445	151	497
char	151	459	190	497
char	191	459	230	497
word	0	445	230	512
char	255	458	292	511
char	297	458	334	511
char	343	445	377	497
char	387	445	397	497
char	406	458	431	497
word	255	445	431	511
char	450	459	487	512
char	490	458	512	498
word	450	445	512	512
line	0	445	512	512
char	0	368	21	408
char	26	368	65	408
char	70	368	105	408
char	108	355	133	407
char	131	369	169	422
word	0	355	169	422
char	186	355	205	422
char	212	368	247	408
word	186	355	247	422
char	274	368	311	421
char	318	355	352	407
char	355	368	391	408
word	274	355	391	421
char	414	368	450	408
char	453	355	478	407
char	481	355	491	407
char	500	368	512	407
word	414	355	512	408
line	0	355	512	422
char	0	279	19	317
char	20	279	59	317
word	0	265	59	332
char	84	265	95	317
char	104	265	115	317
char	120	279	159	317
char	164	278	201	331
word	84	265	201	331
char	224	278	259	318
char	264	278	299	318
char	305	278	342	331
char	351	265	385	317
char	390	279	429	317
char	432	265	469	318
char	474	279	512	317
word	224	265	512	331
line	0	265	512	331
char	0	188	20	242
char	26	188	61	228
char	68	188	105	241
char	112	175	123	227
char	130	188	167	242
char	173	188	208	228
char	213	188	252	228
char	251	175	270	242
char	279	188	334	227
char	335	175	354	242
char	363	189	397	228
char	407	188	444	241
word	0	175	444	242
char	468	188	503	228
char	510	175	512	227
word	468	175	512	242
line	0	175	512	242
char	0	84	7	137
char	7	98	42	138
char	45	86	67	138
char	71	98	108	151
char	116	99	151	138
char	152	85	171	152
char	181	98	205	137
char	205	98	241	138
char	244	99	302	137
char	307	85	342	137
char	343	98	379	138
word	0	84	379	152
char	398	85	417	152
char	424	98	460	138
word	398	85	460	152
char	485	98	512	138
word	485	84	512	138
line	0	84	512	152
char	0	9	18	62
char	19	9	77	47
char	79	8	114	48
char	119	8	156	61
char	160	9	218	47
char	218	0	241	48
char	243	8	279	48
char	283	8	320	62
char	329	0	340	47
char	347	8	386	48
char	391	8	430	48
char	432	9	471	47
char	468	0	487	62
char	494	8	512	62
word	0	0	512	62
line	0	0	512	62
