char	0	460	29	497
char	31	459	63	498
char	69	446	101	497
char	101	460	136	497
word	0	445	136	512
char	158	459	191	511
char	200	459	231	497
char	236	445	258	497
char	260	459	280	497
char	283	460	314	498
char	319	445	341	497
char	343	459	364	497
word	158	445	364	511
char	387	459	407	497
char	411	446	417	497
char	424	459	457	498
char	460	459	493	511
char	498	445	512	497
word	387	445	512	511
line	0	445	512	511
char	0	370	33	409
char	30	357	45	423
char	52	370	85	409
char	86	371	120	423
char	125	357	156	408
char	162	357	195	409
char	204	357	212	408
char	218	370	253	409
word	0	357	253	423
char	277	357	310	409
char	317	370	353	409
char	359	371	390	409
char	397	370	432	409
char	436	370	470	423
char	479	357	511	409
word	277	357	512	423
line	0	357	511	423
char	0	281	33	334
char	39	268	72	320
char	78	269	97	320
char	101	281	132	319
char	137	282	188	319
word	0	268	188	334
char	212	282	243	320
char	250	281	285	320
char	284	268	299	334
char	308	268	339	319
char	343	268	374	319
char	380	282	414	334
char	416	281	451	320
char	458	268	465	319
char	474	282	505	320
word	212	268	505	334
line	0	268	505	334
char	0	192	11	231
char	16	192	49	231
char	52	192	85	231
char	86	178	108	230
char	106	193	140	245
char	145	192	175	230
char	184	179	191	230
char	198	192	233	231
char	238	192	269	231
char	273	192	309	231
char	316	179	323	230
char	329	192	362	245
char	369	192	404	231
char	411	179	418	230
char	424	192	460	231
char	465	192	499	231
char	504	192	512	245
word	0	178	512	245
line	0	178	512	245
char	0	103	31	142
word	0	89	31	156
char	55	103	91	142
char	97	103	128	141
char	135	103	170	142
word	55	103	170	142
char	197	103	227	141
char	237	90	244	141
char	249	104	283	141
char	284	91	303	142
char	308	103	359	141
word	197	90	359	142
char	383	104	417	156
char	420	90	453	142
char	458	89	480	141
char	480	103	512	142
word	383	89	512	156
line	0	89	512	156
char	0	2	17	53
char	20	14	55	53
char	62	14	92	52
char	101	1	132	52
word	0	1	132	53
char	161	14	194	66
char	196	15	247	52
word	161	14	247	66
char	270	14	304	53
word	270	14	304	53
char	331	15	362	53
word	331	15	362	53
char	389	1	422	53
char	427	15	461	67
char	464	14	495	53
char	502	14	512	52
word	389	1	512	67
line	0	1	512	67
