char	0	463	28	497
char	29	462	86	496
char	89	462	112	497
char	115	463	153	512
char	155	462	183	497
char	186	462	243	496
char	243	452	264	497
char	266	445	301	497
char	295	445	316	512
word	0	445	316	512
char	341	445	378	496
char	378	445	416	496
char	417	462	446	497
word	341	445	446	497
char	468	445	504	497
char	505	445	512	496
word	468	445	512	512
line	0	445	512	512
char	0	355	15	406
char	20	372	43	407
word	0	355	43	422
char	64	355	101	406
word	64	355	101	406
char	122	372	155	407
char	160	372	188	407
word	122	372	188	407
char	211	372	244	422
char	247	373	282	406
char	285	372	314	407
char	318	372	346	407
char	351	372	379	407
char	381	372	416	422
char	419	373	455	407
char	457	373	492	406
char	493	372	512	406
word	211	372	512	422
line	0	355	512	422
char	0	282	12	316
char	13	282	70	316
word	0	265	70	332
char	90	282	119	317
char	115	265	136	332
word	90	265	136	332
char	163	282	198	332
char	198	283	235	332
char	235	265	270	317
char	275	265	292	316
word	163	265	292	332
char	314	282	350	332
word	314	282	350	332
char	370	282	399	317
char	401	272	422	317
char	425	282	448	317
word	370	272	448	317
char	469	282	495	316
word	469	282	495	316
line	0	265	495	332
char	0	174	13	227
char	12	193	49	227
char	50	193	86	226
char	87	192	144	226
char	147	192	179	227
char	184	192	216	227
char	221	175	238	226
word	0	174	238	242
char	260	192	296	242
char	298	175	315	226
char	317	192	374	226
char	374	192	431	226
char	431	192	466	242
char	469	193	505	227
char	508	192	512	227
word	260	175	512	242
line	0	174	512	242
char	0	102	10	137
char	13	103	49	137
char	53	102	76	137
char	81	102	116	152
word	0	85	116	152
char	135	84	172	136
char	172	103	208	136
char	209	103	247	152
char	246	102	282	152
char	286	102	314	137
word	135	84	314	152
char	337	84	373	137
char	375	102	403	137
char	406	84	442	136
word	337	84	442	137
line	0	84	442	152
char	0	12	8	47
char	7	0	42	47
char	45	12	102	46
char	105	12	133	47
char	138	12	162	47
char	166	0	184	46
char	185	12	222	46
char	223	13	259	46
char	262	12	293	47
char	292	12	329	46
char	329	13	367	47
char	366	0	401	47
char	406	12	437	47
char	439	0	469	46
char	461	0	499	46
word	0	0	499	62
line	0	0	499	47
