char	0	447	12	498
char	19	460	50	498
char	54	460	87	512
char	92	448	111	498
word	0	446	111	512
char	133	460	167	498
char	171	461	205	497
char	206	461	240	497
char	242	460	275	512
char	284	460	314	497
char	319	446	341	497
char	343	460	393	497
char	401	460	434	511
char	438	460	473	498
char	480	460	510	497
word	133	446	512	512
line	0	446	510	512
char	0	373	32	409
char	37	372	57	409
char	57	360	75	410
char	76	360	95	410
char	99	372	130	409
char	137	372	169	410
word	0	360	169	410
char	194	359	200	409
char	209	372	242	423
char	249	372	269	409
word	194	359	269	423
char	290	372	324	410
word	290	372	324	410
char	351	359	358	409
char	367	373	397	410
word	351	359	397	410
char	426	359	457	409
char	461	359	468	409
char	475	372	509	410
word	426	359	509	410
line	0	359	509	423
char	2	285	32	322
char	39	284	73	322
char	78	284	110	335
char	119	285	150	322
char	157	284	191	322
word	2	284	191	335
char	218	271	225	321
char	233	271	264	321
char	270	284	305	322
char	312	271	319	321
char	325	284	358	336
word	218	271	358	336
char	385	284	419	322
char	424	284	458	322
word	385	284	458	322
char	485	284	512	321
word	485	284	512	321
line	2	271	512	336
char	0	197	12	233
char	15	196	49	234
char	52	197	102	233
char	107	183	114	233
char	123	183	155	234
char	162	197	192	234
char	201	196	231	233
word	0	182	231	248
char	257	197	290	248
char	287	183	302	248
char	309	196	343	234
char	347	197	380	248
char	385	196	406	233
char	405	197	439	233
char	440	197	474	233
char	475	182	497	233
char	494	197	512	233
word	257	182	512	248
line	0	182	512	248
char	0	108	2	145
char	4	108	36	146
char	37	109	87	145
char	92	109	122	146
char	129	95	161	146
char	170	109	200	146
char	208	108	242	146
char	249	95	280	145
char	276	95	291	160
char	298	108	330	146
char	335	108	368	159
char	371	109	405	160
char	407	95	440	146
char	449	95	455	145
char	462	95	495	146
word	0	94	495	160
line	0	95	495	160
char	0	21	32	57
char	37	7	43	57
char	49	21	83	72
char	85	20	118	58
word	0	7	118	72
char	140	20	175	58
char	182	21	212	58
char	221	7	228	57
char	237	7	267	57
char	272	6	294	57
char	292	21	326	57
char	330	20	363	71
char	368	20	400	71
word	140	6	400	71
char	425	21	459	72
char	460	6	482	57
char	480	21	512	72
word	425	6	512	72
line	0	6	512	72
