char	0	445	7	496
char	0	445	30	496
char	23	445	53	496
char	45	463	97	497
char	100	462	128	497
char	130	463	167	497
char	167	462	204	496
char	204	445	241	496
word	0	445	241	512
char	259	462	316	496
char	318	462	349	497
char	350	462	384	512
char	385	445	423	496
char	422	463	458	497
char	461	445	478	496
char	480	463	512	496
word	259	445	512	512
line	0	445	512	512
char	0	356	30	407
word	0	356	30	407
char	49	374	84	407
char	85	373	122	407
char	124	373	152	408
char	154	373	189	423
char	192	374	227	407
char	229	356	265	407
word	49	356	265	423
char	286	373	319	423
word	286	373	319	423
char	342	373	365	408
char	370	373	398	408
char	394	356	415	423
char	423	373	455	408
char	451	356	472	423
char	478	356	512	407
word	342	356	512	423
line	0	356	512	423
char	0	285	12	334
char	13	285	48	318
char	48	285	86	319
char	88	284	123	334
word	0	267	123	334
char	143	284	171	319
word	143	284	171	319
char	186	267	207	334
char	212	267	247	319
char	251	284	279	319
word	186	267	279	334
char	302	284	333	319
char	333	284	389	318
char	391	267	426	319
char	426	285	463	334
char	465	284	499	334
char	501	285	512	319
word	302	267	512	334
line	0	267	512	334
char	0	195	0	229
char	0	178	36	229
word	0	178	36	245
char	57	178	92	230
char	94	195	122	230
char	126	195	158	230
char	161	196	197	230
char	192	178	212	245
char	218	195	255	229
char	257	195	285	230
char	290	195	313	230
char	318	195	350	230
char	353	185	374	230
word	57	178	374	245
char	392	178	429	229
char	431	195	459	230
char	460	196	498	230
char	501	195	512	230
word	392	178	512	245
line	0	178	512	245
char	0	106	50	140
char	52	89	69	140
char	73	106	101	141
char	105	106	139	156
char	142	106	170	141
char	173	89	209	140
char	211	106	245	156
char	248	89	265	140
char	268	89	286	140
char	289	89	324	141
char	324	107	376	141
char	376	107	429	141
word	0	89	429	156
char	448	107	500	141
char	501	106	512	140
word	448	106	512	141
line	0	89	512	156
char	0	0	12	51
char	15	17	38	52
char	40	17	77	51
char	79	17	107	52
char	110	17	135	51
char	137	17	160	52
char	165	17	193	52
char	195	18	232	52
word	0	0	232	67
char	250	17	287	51
char	289	17	323	67
char	327	17	357	52
char	356	17	391	67
word	250	17	391	67
char	414	17	444	52
word	414	17	444	52
char	463	18	499	51
char	499	18	512	52
word	463	0	512	52
line	0	0	512	67
