char	0	462	12	496
word	0	446	12	512
char	34	447	72	497
char	75	461	105	496
word	34	447	105	497
char	126	461	155	497
char	159	461	188	496
char	191	447	229	496
char	233	447	271	497
char	275	461	304	496
word	126	447	304	497
char	326	461	359	497
char	361	447	398	497
char	403	449	426	497
char	428	447	469	496
word	326	447	469	497
char	489	461	512	497
word	489	446	512	512
line	0	447	512	497
char	0	358	7	408
char	4	373	41	424
char	45	359	85	408
word	0	358	85	424
char	105	373	164	408
char	166	374	202	424
char	204	359	242	408
word	105	359	242	424
char	265	359	302	409
word	265	359	302	409
char	325	373	349	409
word	325	373	349	409
char	372	373	401	409
word	372	373	401	409
char	422	361	446	409
char	447	361	471	409
char	473	374	510	409
word	422	361	512	409
line	0	358	510	424
char	0	273	19	321
char	21	285	58	336
char	62	286	98	321
char	99	286	152	321
char	155	285	193	336
char	194	286	248	321
char	251	285	280	320
char	282	285	315	321
char	318	285	356	336
word	0	273	356	336
char	378	270	397	320
char	400	285	434	336
char	436	285	474	336
char	477	286	512	321
word	378	270	512	336
line	0	270	512	336
char	0	182	14	248
char	21	185	44	233
char	47	197	77	232
char	79	197	116	248
char	120	198	173	233
char	175	183	213	232
char	215	198	268	233
char	270	198	306	248
word	0	182	306	248
char	322	182	344	248
char	352	183	389	232
char	392	183	430	233
char	435	183	473	233
char	477	183	512	233
word	322	182	512	248
line	0	182	512	248
char	0	94	17	144
char	18	110	55	160
char	57	109	89	145
char	94	95	134	144
char	136	110	173	145
word	0	94	173	160
char	196	94	224	144
char	219	110	272	145
char	275	95	313	145
word	196	94	313	145
char	336	109	369	145
char	371	110	406	144
word	336	109	406	145
char	428	109	452	145
word	428	109	452	145
char	474	95	493	144
word	474	95	493	144
line	0	94	493	160
char	0	22	13	57
char	16	21	53	72
char	57	21	95	56
word	0	6	95	72
char	112	6	134	72
char	141	22	176	56
char	178	22	213	56
char	214	22	250	57
char	251	22	287	57
char	290	21	328	56
char	331	22	369	57
char	371	22	425	57
char	428	21	457	56
char	459	21	491	57
char	496	7	512	57
word	112	6	512	72
line	0	6	512	72
