char	0	460	9	496
char	11	448	35	496
char	37	445	56	496
char	60	460	94	496
char	96	461	133	512
char	134	461	171	512
char	172	461	209	512
char	211	445	240	496
char	237	445	266	496
char	263	460	293	496
char	295	445	315	496
word	0	445	315	512
char	335	461	372	512
char	375	445	413	496
char	417	460	456	512
char	455	445	477	512
word	335	445	477	512
char	504	460	512	496
word	504	445	512	512
line	0	445	512	512
char	0	370	4	406
char	6	371	44	406
char	45	371	81	406
char	83	371	118	406
char	122	370	182	406
word	0	355	182	422
char	204	370	239	422
char	242	370	281	406
char	285	355	323	406
char	327	355	366	406
char	369	370	408	406
char	412	355	453	406
word	204	355	453	422
char	473	371	511	406
word	473	355	512	406
line	0	355	511	422
char	0	280	12	316
char	16	280	54	332
char	58	280	96	332
char	97	265	119	332
char	127	265	156	316
char	153	265	182	316
char	177	281	213	316
char	217	280	251	316
char	254	281	292	316
word	0	265	292	332
char	314	281	368	316
word	314	281	368	316
char	389	268	413	316
word	389	268	413	316
char	435	280	465	316
char	468	281	506	316
char	511	280	512	332
word	435	280	512	332
line	0	265	512	332
char	0	190	18	242
char	21	190	81	226
word	0	175	81	242
char	104	190	143	242
char	146	190	206	226
char	210	190	270	226
word	104	190	270	242
char	293	190	323	226
char	325	190	364	242
char	368	190	397	226
char	401	190	426	226
char	430	191	468	226
char	468	175	490	242
char	499	190	512	226
word	293	175	512	242
line	0	175	512	242
char	0	100	14	136
char	17	100	47	136
char	49	101	86	136
char	89	85	127	136
word	0	84	127	152
char	149	84	169	136
char	169	101	224	136
char	226	88	249	136
char	251	88	275	136
char	278	100	308	136
char	312	100	336	136
word	149	84	336	136
char	360	100	385	136
char	390	100	420	136
char	423	85	461	136
char	466	100	496	136
char	498	85	512	136
word	360	85	512	152
line	0	84	512	136
char	0	10	16	62
char	16	0	38	62
char	47	10	80	46
char	85	0	123	46
word	0	0	123	62
char	145	0	169	46
char	172	10	210	46
char	214	10	247	46
word	145	0	247	46
char	272	10	302	46
word	272	10	302	46
char	323	11	361	46
char	365	0	406	46
char	407	0	446	46
word	323	0	446	46
char	468	11	505	62
char	507	0	512	46
word	468	0	512	62
line	0	0	512	62
