char	0	445	1	497
char	0	446	33	498
char	34	446	49	512
word	0	445	49	512
char	78	446	84	497
char	92	459	126	498
char	131	459	166	498
char	173	446	180	497
char	187	459	221	498
char	226	459	258	498
char	264	459	315	497
char	322	459	356	498
char	355	446	370	512
char	377	459	412	498
char	415	460	450	497
char	454	446	485	497
char	492	459	512	498
word	78	446	512	512
line	0	445	512	512
char	0	370	11	409
char	16	370	47	409
word	0	356	47	423
char	71	370	107	409
word	71	370	107	409
char	133	370	154	408
char	153	371	188	423
word	133	370	188	423
char	210	370	241	409
char	248	370	281	422
word	210	370	281	422
char	304	358	323	409
char	328	357	360	409
char	359	357	374	423
word	304	357	374	423
char	401	370	436	409
char	439	371	473	408
char	470	357	485	423
char	490	371	512	408
word	401	356	512	423
line	0	357	512	423
char	0	281	33	319
char	41	268	74	320
char	81	268	114	320
char	121	281	142	319
char	145	268	177	320
word	0	267	177	334
char	204	281	237	333
char	240	282	275	319
char	277	281	312	320
word	204	281	312	333
char	335	282	386	319
word	335	282	386	319
char	408	281	443	320
char	448	281	482	320
word	408	281	482	320
char	508	281	512	333
word	508	281	512	333
line	0	268	512	333
char	0	192	35	231
word	0	192	35	231
char	62	192	95	244
char	101	179	134	231
char	141	192	192	230
char	192	179	207	245
char	208	179	223	245
word	62	179	223	245
char	252	179	259	230
char	266	192	299	244
char	306	192	339	231
char	341	192	374	245
char	383	192	414	230
char	421	192	455	231
char	463	179	470	230
char	479	192	512	230
word	252	179	512	245
line	0	179	512	245
char	0	103	13	141
char	20	103	51	142
char	55	103	89	156
char	94	104	128	141
word	0	89	128	156
char	153	103	186	155
char	188	89	211	141
char	210	103	243	155
char	252	90	283	141
word	153	89	283	155
char	305	103	337	142
char	341	103	374	142
char	377	103	410	142
char	411	89	433	141
char	435	103	465	141
char	475	90	506	141
word	305	89	512	156
line	0	89	506	156
char	0	14	31	53
char	38	1	69	52
char	74	2	93	53
word	0	1	93	53
char	115	14	146	53
word	115	14	146	53
char	171	14	204	53
char	205	2	224	53
word	171	2	224	53
char	245	15	279	67
char	284	1	315	52
char	324	1	355	52
char	359	1	366	52
char	372	15	406	52
word	245	1	406	67
char	430	14	481	52
char	488	14	512	53
word	430	1	512	67
line	0	1	512	67
