char	0	460	18	511
char	27	460	60	498
char	66	460	122	497
word	0	446	122	512
char	144	447	180	498
word	144	447	180	498
char	204	448	226	498
char	232	447	242	497
word	204	447	242	498
char	268	460	303	498
char	309	460	363	497
word	268	460	363	498
char	392	447	425	497
char	430	460	468	497
char	473	460	506	498
char	512	460	512	497
word	392	447	512	511
line	0	447	512	511
char	0	372	18	424
char	25	372	63	410
char	68	372	104	423
word	0	358	104	424
char	128	372	164	424
char	166	372	201	410
char	209	359	219	409
char	226	372	260	410
char	262	372	300	409
char	306	359	316	409
char	326	372	359	409
word	128	359	359	424
char	385	372	420	410
char	422	358	448	409
char	450	359	460	409
char	470	359	503	409
char	508	372	512	409
word	385	358	512	410
line	0	358	512	424
char	0	196	38	233
char	34	183	53	248
char	60	196	96	247
char	105	196	129	233
char	128	196	166	233
char	169	196	205	247
char	214	183	250	234
char	254	196	289	234
char	295	183	329	233
char	332	196	370	234
char	377	196	401	233
char	404	183	415	233
char	424	183	458	233
char	462	196	496	234
char	502	184	512	234
word	0	182	512	248
line	0	183	512	248
char	0	108	17	146
char	23	108	47	145
char	50	108	86	159
char	85	95	103	160
char	108	108	165	145
char	167	95	203	146
char	212	95	246	145
char	250	95	286	146
word	0	94	286	160
char	311	108	347	159
word	311	108	347	159
char	372	96	394	146
char	396	108	431	146
char	436	108	472	159
char	476	108	512	160
word	372	95	512	160
line	0	95	512	160
char	0	20	17	72
char	18	20	56	57
char	61	6	95	57
char	100	19	136	71
char	144	6	154	57
char	161	19	199	58
word	0	6	199	72
char	222	20	278	57
char	282	19	337	57
char	343	6	380	58
char	388	6	422	57
char	423	6	449	57
char	451	19	485	57
char	490	20	512	57
word	222	6	512	71
line	0	6	512	72
