char	0	460	12	497
char	18	461	52	497
word	0	446	52	512
char	76	460	96	497
word	76	460	96	497
char	119	461	149	498
char	154	461	204	497
char	201	447	216	512
char	221	461	255	497
char	257	460	288	498
word	119	447	288	512
char	312	447	345	498
char	352	460	383	498
char	389	460	422	511
char	429	447	435	497
char	444	447	477	498
char	480	446	502	497
char	501	460	512	512
word	312	446	512	512
line	0	446	512	512
char	0	372	13	424
char	18	360	36	410
char	37	373	71	409
char	68	359	83	424
char	84	359	98	424
char	103	358	125	409
char	127	372	157	409
char	166	372	197	409
char	206	373	236	410
char	241	360	260	410
char	261	358	283	409
char	276	359	291	424
word	0	358	291	424
char	319	372	352	423
word	319	372	352	423
char	375	360	393	410
char	394	373	428	409
char	433	359	440	409
char	449	372	499	409
char	507	372	512	409
word	375	359	512	410
line	0	358	512	424
char	0	284	30	322
char	37	271	44	321
char	50	271	83	322
char	92	271	124	322
char	131	285	162	322
word	0	270	162	336
line	0	271	162	322
char	0	196	32	234
char	33	182	55	233
char	57	196	77	233
char	78	196	113	234
char	119	183	151	233
char	155	183	185	233
char	194	196	224	233
char	233	183	264	233
char	273	183	280	233
char	288	196	321	247
char	328	183	359	233
char	359	197	393	233
char	398	183	429	233
char	435	196	470	234
word	0	182	470	247
char	494	196	512	234
word	494	184	512	234
line	0	182	512	247
char	0	108	34	146
char	41	95	72	145
char	76	109	126	145
char	131	108	164	159
char	170	108	200	145
word	0	95	200	159
char	227	108	260	160
char	268	109	299	146
word	227	108	299	160
char	327	109	358	146
char	367	108	417	145
char	422	96	440	146
word	327	96	440	146
char	462	108	497	146
char	502	108	512	146
word	462	108	512	146
line	0	95	512	160
char	0	7	13	57
word	0	6	13	72
char	35	7	67	58
char	73	8	91	58
char	94	7	126	58
char	133	20	166	58
char	163	7	177	72
char	186	7	193	57
char	198	8	217	58
char	220	20	254	58
word	35	7	254	72
char	277	6	299	57
char	298	20	332	58
char	340	20	390	57
char	394	21	428	57
char	431	20	464	72
char	472	21	503	58
word	277	6	503	72
line	0	6	503	72
