char	0	464	29	497
char	31	446	48	497
char	49	464	86	512
char	86	464	123	497
char	123	446	159	497
char	160	464	195	497
char	198	446	227	497
char	219	463	254	512
char	258	463	286	497
char	290	463	318	497
char	322	463	355	512
word	0	446	355	512
char	375	453	395	497
char	397	446	432	497
char	435	463	457	497
word	375	446	457	497
char	472	446	492	512
char	501	463	512	497
word	472	446	512	512
line	0	446	512	512
char	13	376	49	409
char	53	375	75	409
char	78	365	98	409
char	100	358	117	409
char	118	358	152	409
char	155	358	191	409
char	194	375	217	409
word	13	358	217	409
char	238	375	263	409
char	265	375	288	409
char	292	358	309	409
char	311	358	348	409
char	347	358	384	409
word	238	358	384	409
char	404	375	436	409
char	433	358	453	424
char	460	358	477	409
word	404	358	477	424
char	500	375	512	409
word	500	375	512	424
line	13	358	512	424
char	0	200	10	233
word	0	182	10	248
char	32	199	55	233
word	32	199	55	233
char	75	199	110	248
char	113	189	133	233
char	135	199	162	233
char	167	182	184	233
char	185	182	221	233
char	224	182	253	233
char	245	199	301	233
char	301	200	338	233
char	338	182	375	233
word	75	182	375	248
char	395	182	424	233
char	416	200	453	248
word	395	182	453	248
char	471	182	505	233
char	510	199	512	248
word	471	182	512	248
line	0	182	512	248
char	0	111	31	145
char	33	94	49	145
char	52	111	107	145
char	109	94	126	145
char	128	94	164	145
char	164	112	201	160
char	201	94	235	145
char	237	112	289	145
char	292	94	309	145
char	310	111	366	145
word	0	94	366	160
char	387	111	415	145
char	416	111	451	160
char	453	94	490	145
word	387	94	490	160
char	509	94	512	145
word	509	94	512	160
line	0	94	512	160
char	0	6	29	57
char	33	6	50	57
char	54	23	81	57
char	83	23	120	57
char	122	23	150	57
char	152	13	173	57
char	174	23	209	72
char	209	24	244	57
word	0	6	244	72
char	264	6	301	57
char	300	23	336	57
char	339	6	368	57
char	362	23	395	72
char	399	23	427	57
char	429	6	465	57
char	467	6	502	57
word	264	6	502	72
line	0	6	502	72
