char	0	446	12	497
char	13	446	30	497
char	34	463	64	497
word	0	446	64	512
char	81	446	115	497
char	118	446	154	497
char	154	464	191	497
char	191	446	228	497
char	227	464	264	497
char	266	463	299	512
char	300	463	337	497
char	339	446	356	497
char	359	446	394	497
char	395	463	423	497
char	420	446	440	512
char	446	463	471	497
char	470	446	506	497
char	508	463	512	512
word	81	446	512	512
line	0	446	512	512
char	0	375	31	409
char	30	375	65	424
char	67	358	101	409
char	103	375	138	424
char	140	375	175	424
word	0	358	175	424
char	194	375	229	424
word	194	375	229	424
char	253	375	275	409
char	280	358	309	409
char	302	358	338	409
char	338	376	375	409
char	374	358	409	409
char	411	358	448	409
char	447	376	484	409
char	485	376	512	409
word	253	358	512	409
line	0	358	512	424
char	0	287	5	321
word	0	270	5	336
line	0	287	5	321
char	0	182	26	233
char	19	200	56	248
char	56	182	92	233
char	92	200	128	233
char	128	182	162	233
char	165	200	202	248
char	205	199	228	233
char	230	199	267	233
char	269	199	296	233
char	298	182	333	233
char	335	199	369	248
word	0	182	369	248
char	389	199	424	248
char	428	199	456	233
word	389	199	456	248
char	478	199	506	233
char	503	182	512	248
word	478	182	512	248
line	0	182	512	248
char	13	94	49	145
char	50	111	75	145
char	76	94	93	145
char	94	112	130	145
char	131	111	156	145
word	13	94	156	145
char	173	112	209	145
char	211	94	228	145
char	230	112	267	160
char	270	111	292	145
char	294	111	329	160
char	334	94	363	145
word	173	94	363	160
char	375	111	410	160
char	410	111	446	145
char	446	111	483	145
char	482	112	512	145
word	375	111	512	160
line	13	94	512	160
char	0	24	11	72
char	14	23	42	57
char	46	6	75	57
char	70	23	98	57
char	102	6	131	57
char	125	6	142	57
word	0	6	142	72
char	162	24	198	72
char	199	24	235	57
char	235	23	271	57
word	162	23	271	72
char	289	23	324	72
word	289	23	324	72
char	344	6	378	57
char	383	23	411	57
char	413	23	438	57
char	437	24	474	72
char	473	24	510	57
word	344	6	512	72
line	0	6	510	72
