char	0	373	33	422
word	0	355	33	422
char	54	372	90	422
char	89	372	124	422
char	126	373	179	407
word	54	372	179	422
char	201	355	236	407
char	236	372	293	406
char	294	362	314	407
char	314	355	349	407
char	351	355	386	407
char	389	362	410	407
char	411	355	429	406
char	430	373	483	407
char	483	372	512	406
word	201	355	512	407
line	0	355	512	422
char	0	265	31	317
char	31	282	68	316
char	68	283	105	317
char	105	283	158	317
char	161	282	195	332
char	199	282	227	317
char	232	282	255	317
char	260	265	295	317
char	297	265	333	317
word	0	265	333	332
char	345	265	366	332
char	371	282	407	332
char	411	282	447	332
char	446	265	481	317
char	486	265	512	317
word	345	265	512	332
line	0	265	512	332
char	0	175	8	242
char	15	182	35	227
char	35	174	70	227
char	73	193	109	226
word	0	174	109	242
char	129	182	149	227
char	149	192	186	226
char	186	193	239	227
word	129	182	239	227
char	258	192	295	226
word	258	192	295	226
char	316	175	333	226
char	337	192	368	227
word	316	175	368	227
char	388	192	424	242
word	388	192	424	242
char	444	175	461	226
char	465	175	482	226
char	486	175	502	226
word	444	175	502	226
line	0	174	502	242
char	0	84	7	136
char	0	84	37	136
char	37	102	62	136
char	61	102	97	152
word	0	84	97	152
char	120	102	150	137
char	150	102	208	136
char	210	102	241	137
char	240	84	275	137
char	280	102	312	137
char	317	102	350	137
char	354	102	390	152
char	392	84	408	136
char	404	85	425	152
char	433	84	463	136
word	120	84	463	152
char	476	84	493	136
char	494	103	512	137
word	476	84	512	137
line	0	84	512	152
char	0	0	32	46
word	0	0	32	46
char	49	13	87	47
char	87	13	124	62
char	125	2	146	47
char	147	0	164	46
char	168	0	198	46
char	191	0	221	46
char	213	12	251	46
word	49	0	251	62
char	269	12	305	62
char	309	0	326	46
char	327	12	363	62
char	365	0	402	46
char	402	12	459	46
char	463	12	486	47
word	269	0	486	62
char	507	0	512	46
word	507	0	512	62
line	0	0	512	62
