char	0	458	40	497
char	46	458	81	498
char	84	459	122	497
char	126	458	165	498
word	0	445	165	512
char	192	458	216	497
char	216	458	251	498
char	257	458	294	512
char	302	458	358	497
char	358	445	377	512
char	387	445	398	497
char	407	445	442	497
char	442	459	500	497
char	501	458	512	498
word	192	445	512	512
line	0	445	512	512
char	23	368	60	422
char	66	368	101	408
char	100	355	119	422
char	129	355	139	407
char	147	368	183	421
char	192	368	217	407
char	218	368	255	422
char	260	356	282	408
char	287	355	322	407
char	327	368	352	407
word	23	355	352	422
char	375	355	410	407
char	415	356	437	408
char	440	368	475	408
char	482	355	512	407
word	375	355	512	422
line	23	355	512	422
char	0	279	19	318
char	29	265	40	317
char	49	278	84	317
char	89	279	147	317
char	147	279	186	317
char	189	278	228	318
char	235	278	270	317
char	279	265	290	317
word	0	265	290	332
char	319	279	354	318
char	364	278	398	317
char	404	278	439	318
char	443	279	482	317
char	485	278	512	332
word	319	278	512	332
line	0	265	512	332
char	0	189	18	242
char	23	175	58	227
char	65	188	104	228
char	109	175	146	228
char	150	189	189	227
word	0	175	189	242
char	214	175	249	227
word	214	175	249	227
char	274	175	309	227
char	314	188	349	228
word	274	175	349	228
char	373	189	431	227
char	435	175	446	227
char	452	188	487	228
char	494	188	512	227
word	373	175	512	242
line	0	175	512	242
char	2	98	37	138
word	2	98	37	138
char	60	99	118	137
word	60	99	118	137
char	138	99	196	137
char	200	98	235	137
char	244	85	280	138
char	287	85	322	137
char	322	99	361	137
char	367	99	401	138
word	138	85	401	138
char	430	85	465	137
char	468	98	504	138
char	507	98	512	138
word	430	85	512	138
line	2	85	512	138
char	0	9	38	62
char	39	9	76	62
char	77	9	135	47
char	136	8	171	48
char	179	0	190	47
char	196	8	231	48
word	0	0	231	62
char	255	0	277	48
char	282	8	338	47
char	344	8	380	48
char	386	0	397	47
char	404	8	439	48
char	441	9	480	47
char	481	9	512	62
word	255	0	512	62
line	0	0	512	62
