char	0	452	15	497
char	16	462	45	497
char	49	444	85	497
char	84	463	137	497
char	137	463	175	497
word	0	444	175	497
char	196	445	213	496
char	215	445	252	496
char	252	463	288	496
char	290	463	325	496
char	326	462	361	512
char	358	445	378	512
char	378	445	399	512
char	407	445	424	496
char	425	463	463	512
char	463	462	500	496
char	501	452	512	497
word	196	445	512	512
line	0	444	512	512
char	0	355	13	406
char	18	372	41	407
word	0	355	41	407
char	61	372	97	422
char	100	372	157	406
char	159	372	194	422
word	61	372	194	422
char	213	362	234	407
char	236	355	266	406
char	260	355	277	406
char	278	372	316	406
word	213	355	316	407
char	336	355	354	406
char	357	355	375	406
word	336	355	375	406
char	397	372	428	407
char	427	373	465	422
word	397	372	465	422
char	486	372	512	407
word	486	372	512	422
line	0	355	512	422
char	0	283	13	332
char	13	283	66	317
char	66	283	103	317
char	105	265	123	316
char	126	265	143	316
char	147	265	164	316
char	166	272	187	317
word	0	265	187	332
char	205	282	262	316
word	205	282	262	316
char	283	282	312	317
char	314	265	351	316
char	353	282	387	332
char	389	265	425	316
char	429	282	452	317
word	283	265	452	332
char	473	265	508	317
char	510	283	512	317
word	473	265	512	317
line	0	265	512	332
char	0	192	32	242
char	33	175	71	226
char	73	192	101	227
char	103	175	141	226
char	142	174	178	227
char	180	192	208	227
char	210	193	248	242
char	248	174	285	226
char	286	193	322	226
word	0	174	322	242
char	343	192	376	227
char	379	174	416	226
char	416	193	452	227
char	453	192	490	226
char	492	192	512	242
word	343	174	512	242
line	0	174	512	242
char	0	102	31	152
char	33	84	63	136
char	56	103	92	137
char	93	103	129	136
char	132	102	160	137
char	163	103	199	137
word	0	84	199	152
char	219	102	244	136
char	243	102	278	152
char	283	102	315	137
word	219	102	315	152
char	336	103	374	137
char	374	102	431	136
word	336	102	431	137
char	452	102	481	137
char	483	103	512	136
word	452	85	512	152
line	0	84	512	152
char	0	13	28	47
char	28	13	81	47
char	82	0	119	46
char	121	0	138	46
word	0	0	138	62
char	160	0	177	46
char	179	12	214	62
char	216	12	252	62
word	160	0	252	62
char	274	0	310	47
char	312	0	329	46
char	332	0	350	46
char	351	13	389	62
char	389	12	426	46
char	428	0	458	46
char	453	12	485	47
char	490	12	512	47
word	274	0	512	62
line	0	0	512	62
