char	0	459	34	497
char	38	459	90	497
word	0	459	90	497
char	116	459	151	498
char	156	459	189	511
char	199	445	230	497
word	116	445	230	511
char	251	459	286	497
char	288	459	324	498
word	251	459	324	498
char	343	445	358	512
char	367	459	400	511
char	405	445	438	498
char	447	459	468	497
word	343	445	468	512
char	489	459	512	498
word	489	445	512	511
line	0	445	512	512
char	0	369	13	407
char	16	369	52	408
char	56	369	90	422
char	96	355	130	408
char	135	369	170	407
char	171	356	190	408
char	191	355	213	407
char	212	355	246	408
char	250	369	302	407
char	303	369	338	422
word	0	355	338	422
char	361	369	394	421
char	400	355	434	408
char	443	369	474	408
char	483	355	490	407
word	361	355	490	421
line	0	355	490	422
char	0	265	15	318
char	20	279	54	332
char	63	279	84	317
char	85	279	120	318
char	127	265	134	317
char	141	279	174	331
char	183	265	216	318
char	222	279	255	331
char	261	279	295	332
char	300	266	319	318
char	324	279	355	318
char	362	265	395	318
char	400	265	423	317
char	420	279	455	317
word	0	265	455	332
char	478	265	511	318
word	478	265	511	318
line	0	265	511	332
char	0	189	14	242
char	20	189	56	228
char	63	175	94	227
char	103	175	134	227
char	141	189	173	228
char	179	175	211	227
char	212	175	234	227
char	232	189	267	227
char	269	189	303	242
char	310	189	343	241
char	348	189	383	242
char	385	189	420	228
char	425	189	457	228
char	456	175	471	242
char	480	189	511	227
word	0	175	512	242
line	0	175	511	242
char	0	99	14	138
word	0	85	14	152
char	36	85	70	138
char	75	99	110	152
char	115	99	136	137
char	136	99	168	138
char	173	99	208	138
char	213	99	248	138
word	36	85	248	152
char	273	99	309	138
word	273	99	309	138
char	331	99	383	137
word	331	99	383	137
char	404	99	439	152
char	441	99	475	152
word	404	99	475	152
char	499	99	512	137
word	499	85	512	137
line	0	85	512	152
char	0	9	30	48
char	32	9	64	48
word	0	0	64	62
char	87	9	138	47
char	140	0	174	48
char	179	0	201	47
char	199	9	234	47
char	239	9	260	47
char	261	9	294	62
char	300	0	318	48
char	321	9	353	48
word	87	0	353	62
char	379	9	400	47
char	401	9	435	62
word	379	9	435	62
char	464	0	496	47
char	500	9	512	47
word	464	0	512	62
line	0	0	512	62
