char	0	446	19	498
char	28	446	62	497
char	67	445	92	497
char	94	446	131	498
char	136	459	172	512
char	179	459	216	512
word	0	445	216	512
char	240	460	297	497
char	299	459	333	498
char	336	460	374	497
word	240	459	374	498
char	391	446	410	512
word	391	446	410	512
char	439	446	450	497
char	456	459	492	498
char	490	446	509	512
word	439	446	512	512
line	0	445	509	512
char	0	371	19	408
char	24	357	58	408
char	65	357	102	409
word	0	357	102	423
char	128	357	165	409
char	173	357	208	408
word	128	357	208	409
char	231	370	267	422
word	231	370	267	422
char	296	357	306	408
word	296	357	306	408
char	331	371	369	408
char	371	358	393	409
char	395	370	430	409
char	433	371	490	408
char	494	370	512	408
word	331	357	512	409
line	0	357	512	422
char	0	281	39	319
char	45	281	84	320
char	87	269	109	320
char	106	268	125	334
char	130	282	168	319
word	0	268	168	334
char	193	268	227	319
char	236	282	270	320
char	280	281	316	333
char	321	281	358	334
char	362	282	419	319
char	415	268	434	334
char	441	281	476	320
word	193	268	476	334
char	502	282	512	320
word	502	269	512	320
line	0	268	512	334
char	0	180	3	231
char	8	179	44	231
char	51	192	75	230
char	77	192	113	245
char	120	192	157	244
char	165	192	202	244
char	206	192	241	231
char	248	179	284	231
word	0	179	284	245
char	309	192	346	244
word	309	192	346	244
char	374	192	408	230
char	418	179	428	230
char	435	179	472	231
word	374	179	472	231
line	0	179	472	245
char	0	89	6	141
char	6	103	43	155
char	50	103	85	142
char	91	90	102	141
char	111	90	122	141
char	131	90	142	141
char	151	103	188	155
char	192	103	227	142
char	230	103	287	141
char	291	90	326	141
word	0	89	326	156
char	347	103	404	141
char	404	89	430	141
char	428	90	450	142
char	456	103	490	141
word	347	89	490	142
line	0	89	490	155
char	0	1	21	53
char	26	14	64	53
word	0	1	64	67
char	88	14	123	53
word	88	14	123	53
line	0	1	123	53
