char	0	460	18	498
word	0	446	18	512
char	46	447	80	497
char	83	460	118	498
char	121	460	155	498
word	46	447	155	498
char	181	460	217	511
char	221	460	259	497
char	264	447	298	497
char	303	460	339	511
char	346	447	382	498
char	389	447	399	497
char	405	460	439	498
char	447	460	471	497
char	472	460	510	498
word	181	447	512	511
line	0	447	510	511
char	0	372	16	424
char	18	372	74	409
word	0	358	74	424
char	95	372	130	410
char	137	359	147	409
char	148	359	166	424
char	174	372	208	410
char	212	372	246	410
char	251	372	285	410
char	290	359	326	410
word	95	359	326	424
line	0	359	326	424
char	0	284	18	336
word	0	270	18	336
char	46	284	80	322
char	90	284	123	321
char	128	284	184	321
char	186	271	223	322
char	227	284	264	336
char	266	284	301	322
char	306	271	342	322
char	346	284	384	321
char	390	271	423	321
char	428	270	453	321
word	46	270	453	336
char	473	284	509	335
word	473	284	512	335
line	0	270	509	336
char	2	195	38	247
char	45	195	80	234
char	82	196	139	233
char	141	195	177	247
char	182	196	238	233
char	240	195	277	248
word	0	182	277	248
char	306	182	316	233
char	325	182	361	234
char	368	182	379	233
char	385	195	420	234
char	425	182	461	234
word	306	182	461	234
char	490	182	512	233
word	490	182	512	234
line	2	182	512	248
char	0	108	16	146
char	18	108	56	145
char	59	108	94	146
char	98	108	133	146
char	139	108	173	146
word	0	94	173	160
char	202	95	238	146
char	243	108	279	159
char	287	95	321	145
char	326	95	362	146
word	202	95	362	159
char	384	108	421	160
char	424	108	459	146
char	464	108	512	145
word	384	95	512	160
line	0	95	512	160
char	0	19	19	72
word	0	6	19	72
char	43	20	81	57
char	82	7	104	58
char	105	20	143	57
word	43	7	143	58
char	166	19	200	58
word	166	19	200	58
char	224	19	259	58
word	224	19	259	58
char	282	20	320	57
word	282	20	320	57
char	342	19	379	72
char	388	19	422	57
char	431	6	441	57
word	342	6	441	72
char	470	19	504	57
char	505	6	512	72
word	470	6	512	72
line	0	6	512	72
