char	0	445	18	496
char	19	461	74	496
char	76	445	115	496
word	0	445	115	512
char	136	461	191	496
char	192	445	230	496
word	136	445	230	496
char	255	445	293	496
char	296	461	333	512
char	334	448	358	496
char	361	445	400	496
char	402	445	422	496
word	255	445	422	512
char	442	461	479	496
char	477	445	499	512
char	507	460	512	512
word	442	445	512	512
line	0	445	512	512
char	0	355	8	406
word	0	355	8	422
char	22	355	42	406
word	22	355	42	406
char	64	370	94	406
char	96	371	132	406
char	133	371	170	406
char	174	370	208	406
word	64	370	208	406
char	230	370	260	406
char	265	370	299	406
word	230	370	299	406
char	321	370	352	406
char	354	358	378	406
char	380	371	418	406
char	423	370	453	406
word	321	358	453	406
char	475	370	509	406
word	475	370	509	406
line	0	355	509	406
char	0	280	9	316
char	11	281	47	316
char	50	280	81	316
char	84	265	122	316
char	127	280	161	332
char	162	281	217	316
char	220	280	250	316
char	254	280	284	316
char	287	265	326	316
word	0	265	326	332
char	349	280	379	316
word	349	280	379	316
char	401	280	435	316
char	437	268	461	316
char	464	280	503	332
char	506	280	512	316
word	401	265	512	332
line	0	265	512	332
char	0	190	39	226
word	0	175	39	242
char	62	190	95	226
char	99	190	138	226
char	140	191	195	226
char	195	191	233	226
char	236	190	260	226
char	265	191	303	226
char	307	175	346	226
char	350	175	388	226
word	62	175	388	226
char	409	191	446	226
char	448	191	484	226
word	409	191	484	226
char	505	175	512	226
word	505	175	512	242
line	0	175	512	226
char	0	101	17	136
char	20	85	40	136
word	0	85	40	152
char	60	85	98	136
word	60	85	98	136
char	123	100	153	136
word	123	100	153	136
char	174	101	212	136
char	217	85	256	136
word	174	85	256	136
char	278	100	308	136
char	312	100	372	136
char	375	100	414	136
char	418	100	451	136
char	455	85	474	136
char	476	101	512	152
word	278	85	512	152
line	0	85	512	152
char	0	10	60	46
char	64	10	94	46
word	0	0	94	62
char	117	0	155	46
char	159	10	189	46
char	191	11	228	62
word	117	0	228	62
char	249	0	287	46
char	292	10	352	46
char	355	0	393	46
char	393	0	415	62
char	424	10	454	46
word	249	0	454	62
char	475	10	506	46
char	507	11	512	46
word	475	10	512	46
line	0	0	512	62
