char	2	459	40	498
char	45	459	82	512
word	0	446	82	512
line	2	459	82	512
char	0	359	18	410
char	27	359	38	409
char	42	372	80	409
char	81	372	119	409
char	124	359	158	409
char	163	372	199	423
char	203	372	238	410
char	236	359	255	424
char	262	372	298	423
char	305	372	341	423
char	348	372	384	424
char	390	372	425	410
char	429	372	463	410
char	470	372	494	409
char	497	372	512	409
word	0	358	512	424
line	0	359	512	424
char	0	284	35	322
word	0	270	35	336
char	54	271	72	336
char	80	284	118	322
char	125	271	135	321
char	144	284	168	321
word	54	271	168	336
char	189	284	227	322
char	234	271	244	321
char	249	284	286	336
char	286	284	324	321
char	328	271	364	322
char	370	271	407	322
word	189	271	407	336
char	431	284	469	321
char	470	272	492	322
char	495	284	512	335
word	431	271	512	335
line	0	271	512	336
char	0	182	20	234
char	27	182	63	234
char	71	182	81	233
char	86	182	111	233
char	105	182	124	248
char	129	183	152	234
char	154	195	189	234
word	0	182	189	248
char	216	182	249	233
char	254	196	292	233
char	295	195	330	234
char	336	182	370	233
word	216	182	370	234
char	393	195	428	234
char	432	195	469	248
char	473	196	511	233
char	508	182	512	248
word	393	182	512	248
line	0	182	512	248
char	4	95	38	145
char	40	108	75	146
char	77	108	114	160
char	116	108	151	146
word	0	94	151	160
char	177	108	231	145
word	177	108	231	145
char	260	95	270	145
word	260	95	270	145
char	296	95	333	146
char	339	108	374	146
char	376	94	401	145
word	296	94	401	146
char	415	95	433	160
char	442	95	478	146
char	483	108	512	160
word	415	94	512	160
line	4	94	512	160
char	0	19	8	57
char	10	19	46	71
char	55	19	91	71
char	97	19	152	57
char	160	20	194	58
char	199	20	256	57
char	261	6	294	57
char	299	20	337	57
char	343	19	377	57
char	377	6	396	72
char	401	7	424	58
char	428	19	453	57
word	0	6	453	72
char	473	19	508	58
word	473	6	512	71
line	0	6	508	72
