char	0	445	12	497
char	14	462	42	497
char	46	462	78	497
char	81	463	117	497
char	120	445	137	496
word	0	445	137	512
char	157	462	213	496
char	208	445	228	512
char	234	463	271	512
char	272	462	297	496
char	299	462	322	497
char	328	462	351	497
char	353	463	390	512
char	385	445	405	512
char	413	445	430	496
char	431	463	484	497
char	478	445	499	512
char	507	462	512	512
word	157	445	512	512
line	0	445	512	512
char	0	356	12	407
char	11	374	48	408
word	0	356	48	423
char	67	356	105	407
char	106	373	134	408
char	136	356	170	408
char	176	373	199	408
char	204	356	220	407
word	67	356	220	408
char	243	356	260	407
char	263	373	297	423
char	299	374	334	407
char	335	356	372	407
char	374	373	407	423
char	409	374	444	407
word	243	356	444	423
char	466	356	501	408
word	466	356	501	408
line	0	356	501	423
char	0	284	12	318
char	6	267	26	334
char	32	267	69	318
char	71	284	103	319
char	105	284	141	334
char	143	284	200	318
char	194	267	214	334
char	220	284	257	318
char	259	267	276	318
char	279	284	315	334
char	316	267	333	318
char	335	284	360	318
char	361	267	397	319
char	396	284	433	318
char	435	284	470	334
word	0	267	470	334
char	488	285	512	334
word	488	285	512	334
line	0	267	512	334
char	0	178	12	229
char	14	195	71	229
word	0	178	71	229
char	91	195	126	245
word	91	195	126	245
char	145	185	165	230
char	165	178	202	229
char	201	195	236	245
word	145	178	236	245
char	256	178	291	230
char	294	196	346	230
word	256	178	346	230
char	365	196	402	245
char	404	178	440	230
char	439	178	474	230
word	365	178	474	245
char	496	195	512	245
word	496	178	512	245
line	0	178	512	245
char	0	107	12	156
word	0	89	12	156
char	31	107	66	140
char	70	106	100	141
word	31	106	100	141
char	118	106	143	140
char	143	107	179	140
char	180	107	216	140
word	118	106	216	140
char	237	106	265	141
word	237	106	265	141
char	288	89	318	140
char	310	89	347	140
word	288	89	347	140
char	367	89	397	140
char	390	107	425	140
word	367	89	425	140
char	447	106	479	141
char	482	96	502	141
word	447	96	502	141
line	0	89	502	156
char	0	17	32	51
char	26	0	46	67
char	54	17	89	67
word	0	0	89	67
char	109	0	126	51
char	122	0	143	67
char	150	0	167	51
char	171	17	199	52
char	201	17	236	67
char	238	17	263	51
char	263	18	300	67
char	300	17	325	51
char	324	18	362	67
word	109	0	362	67
char	382	0	399	51
char	401	17	437	51
word	382	0	437	51
char	458	17	486	52
char	489	18	512	52
word	458	17	512	52
line	0	0	512	67
