char	13	464	49	497
char	44	446	64	512
char	70	464	107	512
char	109	463	137	497
char	141	463	169	497
char	171	463	196	497
word	13	446	196	512
char	213	463	250	497
char	252	463	279	497
char	284	446	301	497
char	302	464	338	497
char	340	446	375	497
char	375	463	411	497
char	411	464	463	497
char	464	463	488	497
char	488	463	512	497
word	213	446	512	497
line	13	446	512	512
char	0	376	11	409
word	0	358	11	424
char	30	365	50	409
char	52	375	79	409
char	83	358	100	409
char	102	376	154	409
word	30	358	154	409
char	174	358	191	409
char	187	358	207	424
char	213	365	233	409
word	174	358	233	424
char	253	375	281	409
char	283	376	320	424
char	320	376	357	424
word	253	375	357	424
char	375	358	409	409
char	412	358	449	409
word	375	358	449	409
char	466	375	503	409
char	503	376	512	424
word	466	358	512	424
line	0	358	512	424
char	0	287	30	336
char	33	287	61	321
word	0	270	61	336
char	83	270	100	321
char	102	288	139	336
char	141	270	157	321
char	162	287	185	321
word	83	270	185	336
char	206	270	243	321
char	244	287	272	321
char	276	270	311	321
word	206	270	311	321
char	328	287	365	321
char	367	287	399	321
char	402	287	426	321
char	428	287	458	321
char	460	270	489	321
word	328	270	489	321
char	499	287	512	336
word	499	287	512	336
line	0	270	512	336
char	0	200	11	233
char	11	199	47	233
char	49	182	66	233
word	0	182	66	248
char	89	199	112	233
char	115	200	150	233
char	153	199	186	248
char	188	189	208	233
char	209	199	243	248
char	246	199	278	233
char	281	182	318	233
word	89	182	318	248
char	337	199	370	248
char	373	199	407	248
char	410	199	438	233
char	440	200	476	233
word	337	199	476	248
char	489	182	509	248
word	489	182	512	248
line	0	182	509	248
char	0	111	19	145
char	23	94	58	145
word	0	94	58	145
char	78	111	106	145
char	107	111	142	160
char	146	94	181	145
char	180	112	217	145
char	219	111	252	160
char	254	94	291	145
char	292	94	327	145
char	326	111	361	160
char	363	112	400	160
char	402	111	430	145
word	78	94	430	160
char	450	111	506	145
word	450	111	506	145
line	0	94	506	160
char	0	24	11	57
word	0	6	11	72
char	32	23	63	57
char	68	23	96	57
char	97	24	134	57
word	32	23	134	57
char	152	24	204	57
word	152	24	204	57
char	223	23	279	57
word	223	23	279	57
char	297	24	334	57
char	336	23	364	57
char	365	6	400	57
char	404	23	432	57
char	437	23	467	57
word	297	6	467	57
char	487	6	512	57
char	510	6	512	57
word	487	6	512	72
line	0	6	512	57
