char	0	446	25	496
char	20	462	57	512
char	59	447	99	496
char	101	461	135	497
char	138	446	166	496
word	0	446	166	512
char	177	446	198	512
char	207	461	244	512
char	248	446	276	496
char	273	461	297	497
word	177	446	297	512
char	320	447	358	497
char	362	461	392	496
char	394	461	423	497
char	425	446	444	496
word	320	446	444	497
char	466	461	504	512
char	508	461	512	497
word	466	461	512	512
line	0	446	512	512
char	0	373	8	408
char	12	359	49	409
char	53	373	111	408
char	113	374	166	409
char	169	374	206	409
char	211	373	269	408
char	272	359	309	409
char	315	373	344	408
word	0	358	344	424
char	364	374	402	409
word	364	374	402	409
char	423	374	459	409
char	461	374	497	424
word	423	374	497	424
line	0	359	497	424
char	0	198	30	233
char	33	197	62	233
word	0	182	62	248
char	84	183	122	233
char	125	182	144	232
char	147	197	180	248
char	184	197	213	233
char	216	197	254	232
char	257	183	294	233
char	300	197	358	232
word	84	182	358	248
char	380	183	418	232
char	422	197	446	233
char	450	182	469	232
char	471	183	511	232
word	380	182	511	233
line	0	182	511	248
char	0	109	8	145
char	10	110	63	145
char	65	97	88	145
char	90	110	128	145
char	133	109	166	145
char	168	95	187	144
char	190	109	214	145
char	219	109	253	145
char	256	109	280	145
char	280	94	301	160
char	310	109	334	145
char	338	109	376	144
word	0	94	376	160
char	397	95	417	144
char	419	109	452	145
char	452	94	473	160
char	482	95	512	145
word	397	94	512	160
line	0	94	512	160
char	0	21	12	57
word	0	6	12	72
char	33	7	52	56
char	53	22	106	57
char	109	21	143	72
char	147	21	176	57
char	179	7	219	56
char	221	21	250	57
char	254	21	283	57
char	282	6	304	72
char	312	22	349	57
char	352	21	389	72
char	395	7	435	56
word	33	6	435	72
char	454	6	473	56
char	474	21	512	72
word	454	6	512	72
line	0	6	512	72
