char	0	462	8	497
word	0	445	8	512
char	28	462	64	512
word	28	462	64	512
char	84	445	102	496
char	103	445	141	496
char	143	462	175	497
word	84	445	175	497
char	199	462	227	497
char	231	445	248	496
char	249	463	302	497
word	199	445	302	497
char	324	462	359	512
char	361	462	396	512
char	399	462	423	497
char	427	445	445	496
word	324	445	445	512
char	467	445	497	496
word	467	445	497	496
char	508	463	512	496
word	508	463	512	496
line	0	445	512	512
char	0	355	10	407
word	0	355	10	422
char	31	372	68	406
char	68	372	126	406
char	126	362	147	407
char	146	355	181	407
char	186	372	214	407
char	218	355	236	406
word	31	355	236	407
char	258	372	286	407
char	283	355	303	422
char	309	373	346	407
char	348	372	377	407
char	379	355	414	407
char	416	355	451	407
char	456	372	487	407
char	486	373	512	407
word	258	355	512	422
line	0	355	512	422
char	0	282	1	316
char	0	282	37	316
char	40	282	68	317
char	64	265	85	332
char	91	265	129	316
char	130	265	147	316
word	0	265	147	332
char	168	283	203	316
char	207	282	235	317
char	240	265	269	316
word	168	265	269	317
char	281	282	338	316
word	281	282	338	316
char	358	265	394	317
char	394	282	451	316
word	358	265	451	317
char	473	282	496	317
char	498	282	512	332
word	473	282	512	332
line	0	265	512	332
char	0	174	26	226
char	20	175	37	226
char	39	192	96	226
char	98	192	127	227
char	130	193	165	226
char	169	174	199	226
char	193	175	210	226
word	0	174	210	227
char	231	193	266	226
char	267	192	302	242
word	231	192	302	242
char	325	192	359	242
char	363	174	393	226
word	325	174	393	242
char	404	175	442	226
char	441	193	478	227
char	481	174	510	226
char	503	193	512	227
word	404	174	512	227
line	0	174	512	242
char	0	102	32	152
char	35	84	52	136
word	0	84	52	152
char	74	102	103	137
char	107	84	124	136
word	74	84	124	137
char	145	84	182	136
char	184	102	212	137
char	217	102	249	137
char	252	102	289	136
word	145	84	289	137
char	310	102	343	152
char	345	103	398	137
char	400	84	417	136
char	421	84	457	137
word	310	84	457	152
char	474	84	510	137
word	474	84	512	152
line	0	84	510	152
char	0	0	13	46
char	15	12	40	46
char	42	12	74	47
char	78	12	107	47
word	0	0	107	47
char	130	12	161	47
char	161	0	198	46
char	200	0	230	46
char	225	12	253	47
char	255	13	308	47
char	312	12	335	47
word	130	0	335	47
char	359	12	382	47
char	385	13	438	47
word	359	12	438	47
char	457	0	492	47
char	496	12	512	62
word	457	0	512	62
line	0	0	512	62
