char	0	462	22	497
char	25	463	78	497
char	78	445	115	496
char	116	462	173	496
word	0	445	173	512
char	192	462	217	496
char	211	445	231	512
char	240	462	272	497
char	276	445	293	496
char	298	462	328	497
char	330	462	361	497
word	192	445	361	512
char	379	463	432	497
char	435	462	464	497
char	468	462	498	497
char	500	444	512	497
word	379	444	512	497
line	0	444	512	512
char	0	355	7	406
char	0	355	14	422
char	23	372	51	407
char	52	373	90	407
char	90	373	128	422
word	0	355	128	422
char	148	355	166	406
char	168	373	203	406
word	148	355	203	406
line	0	355	203	422
char	0	282	32	316
char	33	272	54	317
char	55	282	84	317
char	86	283	124	332
char	124	283	160	317
char	163	265	199	317
char	200	282	229	317
word	0	265	229	332
char	252	282	283	317
char	283	265	319	316
char	322	282	355	332
char	357	282	382	316
word	252	265	382	332
char	402	265	419	316
char	422	283	457	316
char	458	283	495	317
char	495	265	512	317
word	402	265	512	317
line	0	265	512	332
char	0	174	12	226
word	0	174	12	242
char	33	174	68	227
char	70	174	87	226
char	89	192	114	226
char	114	174	152	226
word	33	174	152	227
line	0	174	152	227
char	0	102	8	137
char	7	102	43	152
char	44	102	80	152
char	83	103	119	137
word	0	85	119	152
char	141	102	169	137
word	141	102	169	137
char	192	84	222	136
char	215	84	245	136
char	231	85	252	152
word	192	84	252	152
char	279	102	310	137
char	309	84	344	137
char	348	102	382	152
char	386	84	421	137
char	423	102	459	152
char	458	102	493	152
word	279	84	493	152
line	0	84	493	152
char	0	12	1	47
char	6	12	42	62
char	44	12	76	47
char	79	13	115	46
word	0	0	115	62
char	134	0	169	47
char	174	12	206	47
char	211	0	247	47
char	248	12	282	62
char	283	13	336	47
char	339	12	375	62
char	374	13	427	47
char	430	12	461	47
char	460	13	498	62
char	492	0	512	62
word	134	0	512	62
line	0	0	512	62
