char	0	461	3	497
char	6	462	41	496
char	44	461	74	496
word	0	446	74	512
char	95	461	124	497
char	128	461	186	496
word	95	461	186	497
char	208	461	267	496
char	268	462	322	497
word	208	461	322	497
char	343	461	367	497
char	372	447	409	496
word	343	447	409	497
char	432	461	464	497
word	432	461	464	497
char	487	447	512	497
word	487	447	512	497
line	0	447	512	497
char	0	373	15	424
char	20	373	44	409
char	49	373	78	408
word	0	358	78	424
char	98	373	135	424
char	141	373	170	408
char	172	358	191	408
char	189	358	211	424
word	98	358	211	424
char	236	374	273	424
char	275	373	334	408
word	236	373	334	424
char	356	373	414	408
word	356	373	414	408
char	436	359	455	408
char	458	373	482	409
char	486	373	510	409
word	436	358	512	424
line	0	358	510	424
char	4	285	36	321
char	39	286	92	321
char	94	271	131	321
char	135	286	170	320
char	173	285	210	320
char	214	270	243	320
char	238	286	291	321
char	293	271	330	321
char	335	285	367	321
char	371	286	407	336
char	409	271	447	320
char	451	285	475	321
char	480	285	512	321
word	0	270	512	336
line	4	270	512	336
char	0	197	15	248
char	20	197	49	233
char	52	197	89	248
char	95	197	124	233
word	0	182	124	248
char	145	183	164	232
char	167	197	196	233
word	145	183	196	233
char	217	185	241	233
char	243	183	281	232
char	284	185	307	233
char	309	182	338	232
char	334	182	353	232
char	354	198	389	232
char	391	198	427	248
char	428	183	466	233
char	471	198	508	233
char	511	183	512	233
word	217	182	512	248
line	0	182	512	248
char	0	110	12	144
char	15	109	48	145
char	51	95	70	144
char	72	95	109	145
char	115	109	147	145
char	152	109	190	160
char	193	95	233	144
word	0	94	233	160
line	0	95	233	160
char	0	21	12	72
word	0	6	12	72
line	0	21	12	72
