char	0	460	15	498
char	21	460	59	498
char	61	460	99	497
char	105	447	115	497
char	120	460	158	497
word	0	446	158	512
char	183	447	193	497
char	202	460	238	511
char	245	447	279	497
char	286	460	322	511
char	328	447	365	498
char	370	460	404	498
char	410	460	445	498
char	449	460	485	512
char	490	446	512	497
word	183	446	512	512
line	0	446	512	512
char	0	372	20	423
word	0	358	20	424
char	44	372	79	410
word	44	372	79	410
char	100	372	137	424
char	140	359	177	410
char	185	372	209	409
char	213	372	246	409
char	253	372	291	410
char	298	372	322	409
char	325	372	359	410
char	368	359	402	409
char	411	359	422	409
char	428	372	463	410
word	100	359	463	424
char	484	372	512	424
word	484	372	512	424
line	0	359	512	424
char	0	270	20	322
char	23	284	61	321
char	66	284	100	322
char	105	270	131	321
char	131	283	166	322
char	172	283	208	335
char	210	284	249	321
char	254	283	278	321
char	279	283	314	322
char	316	284	354	321
word	0	270	354	336
char	379	270	413	321
char	418	283	454	335
char	461	283	485	321
char	488	283	512	321
char	512	284	512	321
word	379	270	512	335
line	0	270	512	335
char	0	196	37	233
char	42	196	96	233
char	101	196	157	233
word	0	196	157	233
char	179	196	217	234
char	222	196	260	234
char	262	196	300	233
char	301	196	358	233
char	362	196	398	247
char	402	196	436	234
char	444	183	454	233
word	179	183	454	247
line	0	183	454	247
char	0	94	20	146
char	27	108	61	146
char	69	107	105	159
char	105	94	124	160
char	131	107	166	146
char	172	94	206	145
char	212	94	222	145
word	0	94	222	160
char	251	94	285	145
char	289	107	344	145
char	350	94	387	146
char	391	108	429	145
char	433	107	469	159
char	478	107	502	145
word	251	94	502	159
line	0	94	502	160
char	0	20	18	57
word	0	6	18	72
char	43	7	53	57
char	60	7	96	58
char	103	20	139	72
char	148	7	184	58
char	190	20	224	58
char	234	7	244	57
char	250	20	285	58
char	292	7	302	57
word	43	7	302	72
char	328	20	363	58
char	370	20	406	71
char	410	20	444	58
char	443	7	462	72
char	471	7	505	57
char	508	20	512	58
word	328	7	512	72
line	0	7	512	72
