char	0	460	2	497
word	0	446	2	512
char	23	460	56	498
char	61	447	68	497
char	72	461	107	497
word	23	447	107	498
char	127	461	161	497
word	127	461	161	497
char	181	461	231	497
word	181	461	231	497
char	252	448	271	498
char	275	461	306	498
char	311	446	333	497
char	334	447	365	497
char	374	460	394	497
char	393	446	415	497
char	415	460	449	498
char	456	460	506	497
word	252	446	512	512
line	0	446	506	498
char	0	359	30	410
char	35	359	67	410
char	76	359	107	409
char	109	372	142	424
char	149	372	183	410
char	188	372	222	410
char	230	372	280	409
word	0	358	280	424
char	300	359	314	424
char	319	358	341	409
char	343	372	363	409
char	364	372	397	424
char	406	372	426	409
word	300	358	426	424
char	445	373	495	409
word	445	373	495	409
line	0	358	495	424
char	0	285	32	336
char	32	285	83	321
char	84	285	118	336
char	119	285	152	336
char	157	271	189	322
word	0	271	189	336
line	0	271	189	336
char	0	183	32	234
word	0	183	32	234
char	57	184	76	234
char	77	197	110	248
char	113	196	145	247
word	57	184	145	248
char	174	196	224	233
char	233	197	263	234
word	174	196	263	234
char	292	183	322	233
word	292	183	322	233
char	350	183	383	234
word	350	183	383	234
char	406	184	424	234
char	427	196	460	248
char	464	182	486	233
char	488	183	512	233
word	406	182	512	248
line	0	182	512	248
char	17	95	24	145
char	33	108	63	145
char	68	109	103	145
char	103	109	138	145
char	140	108	175	146
char	182	108	232	145
char	238	108	269	146
char	274	108	306	146
char	311	108	361	145
char	366	96	384	146
char	389	95	421	146
word	17	95	421	146
char	444	96	463	146
char	468	95	475	145
char	481	108	512	160
word	444	95	512	160
line	17	95	512	160
char	0	21	12	57
word	0	6	12	72
char	33	8	52	58
char	54	20	87	71
char	96	20	126	57
char	135	7	142	57
char	148	20	183	58
char	188	20	222	58
char	229	21	259	58
word	33	7	259	71
char	288	20	338	57
char	345	20	377	58
word	288	20	377	58
char	402	7	434	58
word	402	7	434	58
char	458	20	493	58
char	500	7	512	58
word	458	7	512	71
line	0	7	512	71
