char	0	459	31	498
char	38	459	71	511
word	0	445	71	512
char	95	459	128	512
char	135	459	170	498
word	95	459	170	512
char	194	446	227	498
char	237	459	257	497
char	260	446	292	497
char	296	446	327	497
char	336	460	366	498
char	368	446	382	512
char	388	460	422	512
char	422	460	473	497
word	194	446	473	512
char	494	460	512	497
word	494	446	512	512
line	0	446	512	512
char	0	370	31	422
char	30	357	45	423
char	50	358	69	409
char	70	371	104	408
char	107	357	140	409
char	145	356	167	408
char	164	371	215	408
char	216	371	250	423
char	253	370	286	409
char	291	357	298	408
char	302	371	353	408
char	355	371	389	408
char	393	357	425	408
word	0	356	425	423
char	446	371	480	423
word	446	371	480	423
char	501	371	512	423
word	501	357	512	423
line	0	356	512	423
char	0	282	29	320
word	0	267	29	334
char	55	281	89	334
char	95	281	128	334
char	135	281	168	333
char	177	268	184	319
char	193	281	213	319
word	55	268	213	334
char	229	268	243	334
char	250	281	285	320
char	292	281	325	333
word	229	268	325	334
char	350	281	384	320
char	388	282	422	319
char	424	281	460	320
char	462	282	512	319
char	510	268	512	334
word	350	268	512	334
line	0	268	512	334
char	0	192	13	231
char	14	193	64	230
char	69	192	100	230
char	107	192	142	231
char	141	179	155	245
char	162	192	194	231
char	200	179	207	230
char	212	193	263	230
char	266	192	300	231
char	307	179	338	230
char	347	179	380	231
char	383	178	405	230
char	407	179	439	231
char	438	179	453	245
char	460	192	495	231
char	502	179	509	230
word	0	178	512	245
line	0	178	509	245
char	0	103	13	156
word	0	89	13	156
char	38	91	57	142
char	59	103	93	156
char	101	90	134	142
char	141	104	172	142
word	38	90	172	156
char	201	90	232	141
char	239	103	273	142
char	280	90	287	141
char	296	103	347	141
char	353	103	386	142
word	201	90	386	142
char	409	103	442	156
char	451	90	482	141
char	484	90	512	142
word	409	90	512	156
line	0	90	512	156
char	0	15	13	52
char	14	15	48	52
char	51	14	86	53
char	89	15	123	67
char	128	14	149	52
word	0	0	149	67
char	164	1	179	67
word	164	1	179	67
char	208	14	258	52
char	264	14	298	67
char	303	2	322	53
char	324	14	355	53
char	362	15	393	53
char	398	15	432	52
char	433	15	484	52
word	208	2	484	67
char	508	1	512	52
word	508	0	512	67
line	0	1	512	67
