char	0	461	13	496
char	16	445	55	496
char	59	460	84	496
char	89	460	121	496
char	127	460	157	496
word	0	445	157	512
char	178	460	208	496
char	212	460	242	496
char	246	460	270	496
char	274	445	293	496
char	295	448	319	496
char	320	445	359	496
char	363	448	387	496
word	178	445	387	496
char	407	445	427	496
char	428	461	465	512
char	468	460	503	512
char	506	445	512	496
word	407	445	512	512
line	0	445	512	512
char	0	355	18	406
char	21	370	51	406
char	55	370	85	406
char	88	371	123	406
char	127	370	186	406
char	190	355	219	406
word	0	355	219	422
char	235	370	265	406
word	235	370	265	406
char	288	370	322	406
char	324	370	362	422
char	366	371	420	406
char	422	370	460	422
char	465	358	488	406
word	288	358	488	422
char	509	371	512	422
word	509	371	512	422
line	0	355	512	422
char	0	280	18	332
char	20	281	57	332
char	59	280	98	316
char	102	280	137	332
char	140	280	175	332
char	178	280	211	316
char	216	281	254	316
word	0	265	254	332
char	278	280	307	316
char	311	280	341	316
char	344	280	382	332
char	388	280	417	316
char	421	280	452	316
char	455	280	490	332
word	278	280	490	332
char	511	281	512	316
word	511	265	512	332
line	0	280	512	332
char	0	190	12	226
word	0	175	12	242
char	37	190	71	226
word	37	190	71	226
char	93	175	131	226
char	136	190	170	226
word	93	175	170	226
char	193	175	231	226
char	235	175	273	226
char	278	190	312	226
word	193	175	312	226
char	333	190	371	242
char	376	178	400	226
char	401	175	421	226
char	422	191	459	242
char	461	174	480	226
char	482	174	501	226
word	333	174	501	242
line	0	174	501	242
char	0	101	13	136
word	0	85	13	152
char	36	100	66	136
char	68	101	105	152
char	106	85	144	136
char	150	100	210	136
char	212	101	248	136
char	250	85	269	136
char	271	100	309	152
char	315	100	348	136
char	351	101	388	136
char	391	100	424	136
word	36	85	424	152
char	447	88	471	136
word	447	88	471	136
char	492	85	512	136
word	492	85	512	136
line	0	85	512	152
char	0	10	35	62
word	0	10	35	62
char	58	0	78	46
char	76	0	98	62
char	105	10	143	62
char	147	11	184	62
char	187	10	211	46
char	214	11	251	46
char	252	11	289	46
char	292	0	330	46
word	58	0	330	62
char	352	11	389	62
word	352	11	389	62
char	410	0	429	46
word	410	0	429	46
char	449	11	486	46
char	487	11	512	46
word	449	0	512	46
line	0	0	512	62
