char	2	459	23	497
char	24	446	57	498
word	2	446	57	498
char	86	446	118	498
char	125	459	176	497
char	184	459	205	497
char	208	446	215	497
char	222	446	255	498
word	86	446	255	498
line	2	446	255	498
char	2	370	33	408
char	42	357	49	408
char	58	357	65	408
char	74	371	104	409
char	113	357	145	408
char	149	370	170	408
char	171	370	204	409
char	201	357	215	423
char	223	370	257	409
word	0	356	257	423
char	280	356	302	408
char	300	371	351	408
word	280	356	351	408
char	372	371	406	408
char	408	357	441	409
word	372	357	441	409
char	470	357	477	408
word	470	357	477	408
char	506	357	512	408
word	506	357	512	423
line	2	356	512	423
char	0	281	33	320
char	34	282	68	319
char	71	268	104	320
char	113	268	146	320
char	153	282	183	320
char	192	282	223	320
word	0	267	223	334
char	252	268	259	319
char	266	281	299	333
char	306	281	338	333
word	252	268	338	333
char	367	268	374	319
char	381	281	416	320
char	423	282	453	320
char	461	281	494	320
char	496	281	512	320
word	367	268	512	320
line	0	268	512	333
char	0	179	13	230
char	18	193	53	230
word	0	178	53	245
char	77	179	108	230
char	115	192	150	231
char	152	193	203	230
char	204	193	254	230
char	257	192	292	231
char	297	192	330	245
char	339	179	370	230
word	77	179	370	245
line	0	179	370	245
char	0	103	15	142
char	22	103	55	155
char	57	104	108	141
word	0	89	108	156
char	133	103	163	141
char	171	103	203	155
char	209	91	227	142
char	230	103	265	142
char	270	90	302	142
word	133	90	302	155
char	328	104	362	141
char	367	103	388	141
char	389	103	421	155
word	328	103	421	155
char	450	103	481	141
char	490	103	512	141
word	450	90	512	142
line	0	90	512	155
char	0	15	49	52
char	53	14	104	52
char	110	14	142	53
char	148	1	181	53
word	0	1	181	53
char	208	14	239	52
char	244	15	278	52
char	281	14	312	53
char	319	1	350	52
word	208	1	350	53
char	370	0	393	52
word	370	0	393	52
char	411	15	445	67
char	446	15	480	52
char	480	15	512	52
word	411	0	512	67
line	0	0	512	67
