char	0	447	18	497
char	27	447	61	497
char	68	460	106	498
char	110	447	147	498
word	0	446	147	512
char	172	460	206	498
char	211	460	246	498
char	248	460	286	497
char	283	447	302	512
char	308	460	343	498
char	350	460	383	498
char	390	460	427	512
char	435	447	471	498
word	172	447	471	512
char	490	447	508	512
word	490	447	512	512
line	0	447	508	512
char	0	359	18	409
char	23	359	59	410
char	66	359	76	409
char	83	372	120	424
word	0	358	120	424
char	146	372	184	410
char	188	359	225	410
char	231	372	266	410
char	272	372	326	409
char	330	372	367	424
char	368	372	424	409
char	426	359	463	410
char	467	372	504	424
char	509	359	512	409
word	146	359	512	424
line	0	359	512	424
char	0	284	18	322
word	0	270	18	336
char	47	270	58	321
char	67	270	103	322
word	47	270	103	322
char	129	283	184	321
char	188	284	245	321
word	129	283	245	321
char	261	270	279	336
char	288	270	323	321
word	261	270	323	336
char	345	270	382	322
char	388	270	425	322
char	434	270	444	321
char	453	270	487	321
char	492	270	503	321
word	345	270	503	322
line	0	270	503	336
char	0	196	16	234
char	21	196	57	248
char	66	183	76	233
char	83	183	120	234
char	128	183	139	233
char	144	196	200	233
char	201	196	235	234
word	0	182	235	248
char	254	183	273	248
char	280	196	314	234
word	254	183	314	248
char	338	196	375	248
char	383	196	419	247
char	422	184	444	234
char	449	196	485	247
char	492	196	512	233
word	338	182	512	248
line	0	183	512	248
char	0	108	18	159
char	25	108	63	146
char	70	95	80	145
word	0	94	80	160
char	109	95	120	145
char	124	108	162	145
char	168	108	201	145
char	208	95	244	146
char	248	108	285	160
word	109	95	285	160
char	310	108	344	145
char	345	95	363	160
char	370	108	407	160
char	415	108	469	145
word	310	95	469	160
char	489	95	508	160
word	489	94	512	160
line	0	95	508	160
char	0	20	15	58
char	15	7	33	72
char	34	7	53	72
word	0	6	53	72
char	82	7	118	58
char	125	7	135	57
char	144	7	155	57
char	160	20	198	57
char	194	7	213	72
word	82	7	213	72
char	241	20	296	57
char	300	20	336	72
char	337	20	374	72
char	375	20	412	72
char	416	20	471	57
char	479	7	512	58
word	241	7	512	72
line	0	7	512	72
