char	0	459	39	497
char	45	446	82	498
char	88	459	123	498
char	128	459	163	498
word	0	446	163	512
char	185	460	223	497
char	226	459	261	498
char	267	460	301	498
char	308	459	344	498
char	350	459	384	497
char	389	460	427	497
word	185	459	427	498
char	448	460	485	512
char	487	459	512	498
word	448	459	512	512
line	0	446	512	512
char	0	357	19	408
char	15	357	34	423
char	44	357	78	408
word	0	357	78	423
char	105	370	141	422
char	150	357	161	408
char	165	371	202	423
word	105	357	202	423
char	227	370	252	408
word	227	370	252	408
char	270	371	309	408
char	310	371	367	408
char	369	370	404	409
char	407	370	442	409
char	445	371	482	423
char	488	357	498	408
char	507	370	512	422
word	270	357	512	423
line	0	357	512	423
char	0	268	19	320
char	24	269	46	320
word	0	268	46	334
char	71	281	105	319
word	71	281	105	319
char	132	281	166	320
char	169	282	208	319
word	132	281	208	320
char	224	268	243	334
char	248	282	285	334
char	288	281	325	333
char	331	281	367	320
word	224	268	367	334
char	392	281	429	333
char	432	282	470	319
char	467	268	486	334
char	492	281	512	320
word	392	268	512	334
line	0	268	512	334
char	0	192	17	231
char	24	192	60	244
char	65	192	102	245
char	110	179	144	230
char	151	192	188	245
char	196	192	251	230
char	255	193	293	245
char	298	192	334	244
char	341	179	377	231
char	380	178	406	230
char	404	180	426	231
char	428	180	450	231
char	454	192	509	230
word	0	178	509	245
line	0	178	509	245
char	0	90	19	141
char	28	104	62	142
char	67	89	92	141
char	94	90	129	141
char	129	104	168	141
char	173	90	184	141
char	185	90	203	156
char	212	103	267	141
char	271	104	329	141
char	329	91	351	142
char	353	103	388	142
char	387	90	406	156
char	415	103	439	141
char	441	103	477	156
char	482	104	512	141
word	0	89	512	156
line	0	89	512	156
char	0	14	39	52
char	48	14	82	52
char	89	14	125	67
word	0	1	125	67
char	152	14	190	53
char	195	1	232	53
word	152	1	232	53
char	256	15	294	52
char	297	14	332	53
char	339	14	363	52
char	366	15	400	53
char	410	1	420	52
char	425	15	463	52
word	256	1	463	53
char	484	0	510	52
char	509	14	512	53
word	484	0	512	53
line	0	0	512	67
