char	0	461	23	497
char	27	462	62	496
char	65	447	103	497
word	0	446	103	512
char	124	461	161	512
char	165	462	200	496
char	202	461	239	512
char	245	461	277	497
char	282	447	322	496
char	323	461	353	497
char	356	462	393	497
char	396	462	449	497
word	124	447	449	512
char	469	462	504	496
char	507	447	512	497
word	469	446	512	512
line	0	447	512	512
char	0	373	8	409
char	12	373	45	424
word	0	358	45	424
char	67	373	101	424
char	105	373	139	409
char	142	373	171	409
word	67	373	171	424
char	188	358	210	424
word	188	358	210	424
char	236	359	255	408
char	258	373	292	424
char	293	374	330	424
char	327	358	349	424
char	357	359	397	408
char	397	361	421	409
char	419	358	440	424
char	447	374	500	409
char	502	373	512	408
word	236	358	512	424
line	0	358	512	424
char	0	285	35	336
char	38	270	67	320
char	63	271	103	320
char	105	285	163	320
char	167	285	226	320
char	229	285	262	321
char	265	271	284	320
char	287	271	325	320
char	324	270	345	336
char	349	270	370	336
word	0	270	370	336
char	397	285	435	336
word	397	285	435	336
char	452	270	474	336
word	452	270	474	336
char	500	271	512	320
word	500	270	512	336
line	0	270	512	336
char	0	198	12	232
char	10	182	32	248
char	38	198	92	233
char	94	182	122	232
char	119	197	153	248
char	155	198	190	232
char	193	197	231	232
char	235	197	267	233
char	272	198	309	233
char	314	197	343	232
char	345	197	375	233
char	378	182	406	232
word	0	182	406	248
char	421	183	458	233
char	461	198	512	233
word	421	182	512	248
line	0	182	512	248
char	0	110	33	144
char	36	109	73	144
word	0	94	73	160
char	97	109	130	145
char	133	109	166	145
char	170	110	208	145
word	97	109	208	145
char	231	109	260	144
char	259	94	280	160
char	287	95	306	144
char	309	94	337	144
char	334	109	364	145
char	367	109	426	144
char	430	109	463	145
word	231	94	463	160
char	485	109	510	145
word	485	109	512	160
line	0	94	510	160
char	0	22	12	56
word	0	6	12	72
char	34	21	63	57
char	66	6	85	56
char	87	7	128	56
char	129	21	188	56
char	191	21	229	56
char	233	21	262	57
word	34	6	262	57
char	283	7	320	57
char	326	21	356	56
char	359	21	389	56
word	283	7	389	57
char	409	21	447	72
char	450	22	484	56
char	487	7	512	56
word	409	7	512	72
line	0	6	512	72
