char	0	459	19	497
char	23	459	62	497
word	0	445	62	512
char	88	446	98	497
char	103	445	129	497
char	129	446	166	498
char	174	459	211	511
char	214	459	252	497
char	257	459	312	497
char	319	459	354	498
char	361	446	395	497
char	398	459	433	498
char	439	459	494	497
char	499	445	512	497
word	88	445	512	511
line	0	445	512	511
char	4	370	38	408
word	4	370	38	408
char	65	370	102	423
char	106	371	143	423
char	144	371	183	408
char	180	357	198	423
word	65	357	198	423
char	224	370	259	409
char	267	357	303	409
char	310	370	344	408
char	350	370	385	409
char	390	370	426	409
word	224	357	426	409
char	447	371	486	408
char	491	357	512	409
word	447	357	512	409
line	4	357	512	423
char	0	267	6	319
char	8	268	19	319
char	24	269	46	320
word	0	267	46	334
line	0	267	46	320
char	0	193	19	230
char	21	192	60	231
char	64	192	98	231
char	106	179	142	231
char	149	179	186	231
char	192	192	247	230
char	255	192	310	230
word	0	179	310	245
char	336	192	371	231
word	336	192	371	231
char	398	179	432	230
char	441	179	475	230
char	476	178	502	230
char	502	192	512	245
word	398	178	512	245
line	0	178	512	245
char	0	103	39	141
word	0	103	39	141
char	60	103	117	141
char	122	90	132	141
char	141	90	176	141
char	179	103	216	156
char	222	103	261	142
char	268	90	279	141
char	280	90	298	156
char	299	90	318	156
char	328	103	364	155
char	371	103	408	155
word	60	90	408	156
char	432	103	467	142
char	474	90	509	141
word	432	90	512	156
line	0	90	509	156
char	0	15	37	67
char	42	1	77	52
char	80	14	116	66
char	117	1	135	67
char	144	14	199	52
char	204	15	242	52
char	247	14	271	52
word	0	1	271	67
char	294	14	318	52
char	321	14	376	52
char	384	14	439	52
char	444	0	469	52
char	467	15	506	52
char	509	14	512	67
word	294	0	512	67
line	0	0	512	67
