char	4	458	60	497
char	68	459	103	498
char	112	445	149	498
char	154	458	189	498
word	4	445	189	498
char	214	458	251	512
char	255	459	294	497
char	299	458	336	511
word	214	458	336	512
char	359	446	382	498
char	387	445	421	497
char	430	445	465	497
char	470	459	505	498
char	512	458	512	498
word	359	445	512	511
line	4	445	512	512
char	0	355	19	407
char	24	369	82	407
char	84	368	120	408
char	123	368	159	408
char	161	369	200	407
word	0	355	200	422
char	223	368	258	408
char	265	355	276	407
char	281	355	307	407
char	309	355	345	408
char	353	368	387	407
char	396	368	433	421
char	436	369	475	407
char	478	368	512	421
word	223	355	512	422
line	0	355	512	421
char	0	278	20	317
char	29	278	53	317
char	53	279	92	317
char	96	278	152	317
char	161	265	172	317
char	179	278	218	318
char	225	265	262	318
char	270	265	280	317
word	0	265	280	332
char	307	278	342	318
char	347	265	385	318
char	393	279	428	318
char	433	279	491	317
char	496	278	512	317
word	307	265	512	332
line	0	265	512	318
char	5	175	39	227
char	45	175	55	227
word	5	175	55	227
char	82	188	118	228
char	122	188	157	228
char	161	188	196	228
char	204	188	238	227
char	244	176	266	228
char	271	188	308	241
char	311	188	347	228
char	352	188	387	228
char	386	175	405	242
char	412	188	447	228
char	452	188	489	242
char	493	189	512	227
word	82	175	512	242
line	5	175	512	242
char	0	85	19	137
char	29	85	63	137
char	70	98	107	152
char	115	98	171	137
char	176	98	212	138
char	219	85	256	138
char	262	98	298	151
char	307	98	362	137
char	370	98	426	137
char	430	99	469	137
char	470	99	512	137
word	0	85	512	152
line	0	85	512	152
char	0	8	17	48
char	16	0	35	62
char	41	0	63	48
char	68	8	93	47
char	96	0	131	47
char	140	8	174	47
char	175	0	194	62
char	201	8	237	48
word	0	0	237	62
char	263	0	300	48
char	304	8	340	48
char	338	0	357	62
char	367	0	378	47
char	387	0	421	47
char	423	8	458	48
char	464	8	499	48
char	504	8	512	48
word	263	0	512	62
line	0	0	512	62
