char	0	446	3	498
char	9	445	19	497
char	25	458	60	498
char	68	445	79	497
char	86	445	123	498
char	132	445	167	497
word	0	445	167	512
char	190	445	227	498
char	233	458	271	512
char	275	446	298	498
word	190	445	298	512
char	319	459	376	497
word	319	459	376	497
char	397	458	433	498
char	441	445	451	497
word	397	445	451	498
line	0	445	451	512
char	0	355	6	407
char	9	355	19	407
char	29	368	63	407
char	70	368	105	408
char	112	355	123	407
char	128	369	167	407
char	172	369	206	408
char	216	355	250	407
char	257	368	293	408
char	298	368	354	407
char	361	368	396	408
char	399	368	434	408
char	439	368	474	408
char	478	369	512	407
word	0	355	512	422
line	0	355	512	408
char	0	279	39	317
char	44	279	79	318
char	84	279	142	317
char	144	278	183	318
char	187	278	223	318
char	226	278	261	318
char	269	265	280	317
char	287	278	324	332
char	331	278	370	318
word	0	265	370	332
char	394	278	430	318
char	437	265	447	317
char	456	278	511	317
word	394	265	512	332
line	0	265	511	332
char	2	188	38	228
char	40	189	79	227
word	2	188	79	228
char	102	188	139	242
char	148	175	183	227
char	188	175	222	227
char	229	188	264	228
char	267	175	293	227
char	291	189	329	227
word	102	175	329	242
char	354	175	389	227
char	394	188	431	241
char	438	188	462	227
char	463	188	498	228
char	503	188	512	242
word	354	175	512	242
line	2	175	512	242
char	0	99	18	152
word	0	85	18	152
char	39	85	65	137
char	59	85	77	152
char	87	98	124	151
char	126	99	165	137
char	167	98	202	138
char	205	99	244	137
char	250	99	284	138
char	289	99	328	137
char	333	85	368	137
char	371	98	408	152
char	413	98	448	138
char	456	85	493	138
char	498	98	512	138
word	39	85	512	152
line	0	85	512	152
char	0	9	39	47
char	40	9	79	47
char	82	8	121	48
char	128	0	139	47
char	146	8	185	48
char	192	0	226	47
char	231	0	257	47
char	259	0	270	47
char	275	9	314	47
word	0	0	314	62
char	339	0	376	48
char	380	8	416	48
char	420	8	456	48
word	339	0	456	48
char	480	0	512	48
word	480	0	512	62
line	0	0	512	48
