char	0	464	11	497
char	13	446	43	497
char	35	464	71	497
char	74	463	105	497
char	107	464	144	497
char	146	446	163	497
char	165	463	221	497
char	215	446	235	512
word	0	446	235	512
char	262	446	291	497
char	283	464	320	497
char	322	463	350	497
char	352	464	388	512
char	388	463	425	497
word	262	446	425	512
char	445	463	477	497
word	445	463	477	497
char	500	446	512	497
word	500	446	512	497
line	0	446	512	512
char	0	375	7	409
char	9	375	37	409
char	39	376	90	409
char	93	375	126	424
char	130	358	159	409
char	145	358	166	424
char	174	375	205	409
word	0	358	205	424
char	228	358	258	409
char	250	365	271	409
word	228	358	271	409
char	283	358	303	424
word	283	358	303	424
char	329	375	359	409
char	358	375	393	424
char	397	358	414	409
char	416	365	436	409
word	329	358	436	424
char	456	358	486	409
char	480	358	497	409
char	499	358	512	409
word	456	358	512	424
line	0	358	512	424
char	0	288	10	321
word	0	270	10	336
char	31	287	64	336
word	31	287	64	336
char	85	288	120	321
word	85	288	120	321
char	141	287	169	321
char	173	287	206	336
char	207	270	244	321
char	244	270	280	321
char	282	287	310	321
char	312	270	349	321
char	348	287	385	321
char	385	288	437	321
word	141	270	437	336
char	456	270	492	321
char	492	288	512	336
word	456	270	512	336
line	0	270	512	336
char	0	199	10	248
char	12	200	47	233
char	49	199	77	233
word	0	182	77	248
char	98	200	149	233
word	98	200	149	233
char	169	199	193	233
word	169	199	193	233
char	211	199	236	233
word	211	199	236	233
char	255	199	283	233
char	287	199	322	248
char	322	189	342	233
char	341	200	378	233
char	381	199	409	233
word	255	189	409	248
char	431	182	465	233
word	431	182	465	233
char	486	199	512	233
word	486	182	512	233
line	0	182	512	248
char	0	94	9	145
char	11	94	48	145
char	47	112	99	145
char	100	111	136	145
char	138	94	155	145
char	158	94	175	145
word	0	94	175	160
line	0	94	175	145
char	0	24	26	57
char	29	6	58	57
char	53	23	81	57
char	83	24	135	57
char	137	23	170	72
char	173	23	208	72
char	210	23	245	72
char	245	24	280	57
char	283	6	299	57
char	301	23	326	57
char	327	23	355	57
word	0	6	355	72
char	375	23	410	72
char	414	6	431	57
char	435	23	462	57
word	375	6	462	72
char	483	6	512	57
word	483	6	512	57
line	0	6	512	72
