char	0	459	15	498
char	20	446	53	498
char	57	460	108	497
char	113	446	120	497
char	127	459	161	498
char	169	459	199	497
char	206	459	239	512
char	244	460	279	497
char	283	459	334	497
char	339	460	373	497
word	0	445	373	512
char	396	459	429	498
word	396	459	429	498
char	451	459	484	498
char	487	446	512	498
word	451	445	512	498
line	0	446	512	512
char	0	371	13	423
char	16	370	50	409
char	57	357	64	408
word	0	356	64	423
char	90	371	124	408
char	126	370	159	423
word	90	370	159	423
char	184	371	235	408
word	184	371	235	408
char	259	357	290	408
char	299	357	330	408
char	335	358	354	409
char	359	370	391	422
char	395	371	429	408
char	432	370	465	409
char	467	370	500	423
word	259	357	500	423
line	0	357	500	423
char	0	268	5	319
char	14	281	45	319
char	50	282	84	334
char	87	268	120	320
char	125	282	159	319
char	164	268	196	319
char	200	282	231	320
char	240	281	260	319
word	0	267	260	334
char	281	281	314	334
char	323	281	354	319
word	281	281	354	334
char	383	268	414	319
word	383	268	414	319
char	442	268	474	319
char	478	281	511	333
word	442	268	511	333
line	0	268	511	334
char	0	192	3	230
char	3	193	37	230
word	0	178	37	245
char	59	192	92	231
char	93	193	128	230
word	59	192	128	231
char	152	192	173	230
char	174	192	207	244
char	214	192	248	231
char	256	179	287	230
char	291	193	326	230
char	331	192	364	244
char	366	193	417	230
char	422	192	473	230
char	481	192	511	230
word	152	179	511	244
line	0	179	511	244
char	0	90	33	142
char	39	90	72	142
word	0	90	72	142
char	97	104	148	141
word	97	104	148	141
char	173	90	204	141
char	200	90	215	156
char	224	103	275	141
char	281	103	312	142
char	319	90	352	142
char	357	103	391	142
char	399	90	430	141
char	434	89	457	141
char	456	90	489	142
char	496	103	512	142
word	173	89	512	156
line	0	89	512	156
char	0	14	13	66
char	20	14	53	66
char	62	14	113	52
char	117	0	139	52
char	137	15	171	52
word	0	0	171	67
char	194	14	227	53
char	229	14	263	67
word	194	14	263	67
char	291	15	322	53
char	323	1	338	67
char	345	14	378	53
char	383	1	415	53
char	422	15	453	53
char	460	14	495	53
word	291	1	495	67
line	0	0	495	67
