char	0	460	16	498
char	18	460	56	497
char	62	447	96	497
word	0	446	96	512
char	122	460	158	511
char	167	460	200	498
char	210	447	246	498
char	249	448	271	498
word	122	447	271	511
char	292	460	326	498
word	292	460	326	498
char	354	447	388	497
char	390	460	425	498
char	432	460	465	497
char	472	460	506	498
char	509	448	512	498
word	354	446	512	511
line	0	447	512	511
char	0	372	15	410
word	0	358	15	424
char	40	372	74	410
char	82	372	115	409
char	124	359	160	410
char	162	372	200	409
char	206	359	240	409
char	246	372	283	424
char	290	372	326	423
word	40	359	326	424
char	354	372	378	409
char	381	359	417	410
char	424	372	460	423
char	466	372	500	410
char	505	372	512	409
word	354	359	512	423
line	0	359	512	424
char	0	270	5	321
char	0	270	18	336
char	27	283	63	335
char	66	284	104	321
word	0	270	104	336
char	129	283	183	321
char	190	283	226	336
word	129	283	226	336
char	247	270	265	336
char	270	284	308	321
word	247	270	308	336
char	333	283	367	321
char	373	283	408	322
char	411	270	436	321
word	333	270	436	322
char	455	271	477	322
char	478	284	512	321
word	455	271	512	322
line	0	270	512	336
char	0	196	18	233
char	23	196	79	233
char	83	196	117	234
char	126	196	160	234
char	166	196	201	234
char	204	196	260	233
char	260	196	298	233
char	303	196	337	233
word	0	182	337	248
char	362	196	396	234
char	404	183	415	233
char	421	196	456	234
char	462	183	498	234
char	503	196	512	234
word	362	183	512	248
line	0	183	512	234
char	0	96	22	146
char	27	95	38	145
char	46	108	100	145
char	109	108	142	146
char	148	108	183	146
char	186	108	224	145
char	227	108	261	146
char	265	108	299	146
char	303	108	341	145
char	346	108	370	145
char	372	108	427	145
char	431	108	468	160
char	473	108	506	146
word	0	94	506	160
line	0	95	506	160
char	0	20	38	57
char	43	7	53	57
char	62	20	96	58
char	102	20	137	58
char	142	7	178	58
char	183	20	218	58
char	223	20	260	72
char	266	20	304	58
char	309	20	345	72
char	351	20	386	58
char	393	7	403	57
word	0	7	403	72
char	428	20	463	58
char	471	7	504	57
char	509	20	512	57
word	428	7	512	58
line	0	7	512	72
