char	0	445	7	496
char	0	463	37	512
word	0	445	37	512
char	55	463	93	497
word	55	463	93	497
char	112	445	149	496
word	112	445	149	496
char	168	445	206	496
char	207	462	235	497
char	238	445	275	496
char	277	462	308	497
char	310	462	345	512
word	168	445	345	512
char	364	462	421	496
char	421	462	458	496
word	364	462	458	496
char	477	462	512	496
word	477	445	512	512
line	0	445	512	512
char	0	372	13	422
char	15	372	45	407
char	47	372	76	407
char	80	372	112	407
word	0	355	112	422
char	134	372	191	406
word	134	372	191	406
char	212	372	240	407
word	212	372	240	407
char	264	372	294	407
char	296	372	330	422
char	331	362	352	407
char	354	372	387	407
char	389	355	426	406
char	427	372	484	406
char	486	372	512	407
word	264	355	512	422
line	0	355	512	422
char	0	282	31	316
char	31	283	68	317
char	68	282	126	316
char	128	282	157	317
word	0	282	157	317
char	177	282	214	316
char	214	265	249	317
char	252	283	305	317
word	177	265	305	317
char	326	282	357	317
word	326	282	357	317
char	375	282	412	316
word	375	282	412	316
char	433	282	466	317
char	469	272	489	317
char	489	283	512	317
word	433	265	512	332
line	0	265	512	317
char	0	192	10	242
char	13	193	49	227
char	50	192	75	226
char	76	192	105	227
char	107	193	144	227
char	144	193	197	227
char	199	193	234	226
char	237	192	268	227
char	270	192	301	227
char	302	192	338	242
char	340	192	369	227
char	370	192	408	226
char	407	192	443	242
char	445	174	480	227
char	482	174	512	227
word	0	174	512	242
line	0	174	512	242
char	0	103	12	137
char	14	84	32	136
char	35	102	66	137
char	60	85	81	152
char	89	102	117	137
char	122	102	150	137
char	154	84	171	136
char	175	84	210	137
word	0	84	210	152
char	230	84	247	136
char	252	102	282	137
char	284	102	319	152
word	230	84	319	152
char	338	102	395	136
char	396	103	432	136
char	435	102	467	137
char	470	103	507	152
word	338	102	507	152
line	0	84	507	152
char	0	0	13	46
word	0	0	13	62
char	33	0	68	47
char	70	12	106	62
char	105	13	143	62
char	143	12	201	46
char	200	12	236	62
char	238	2	259	47
char	261	12	293	47
char	296	2	317	47
char	317	13	354	62
char	355	13	391	47
char	392	0	430	46
word	33	0	430	62
char	448	0	485	46
char	484	12	512	62
word	448	0	512	62
line	0	0	512	62
