char	0	462	9	497
char	12	445	49	496
word	0	445	49	512
char	70	462	93	497
char	98	462	126	497
char	130	462	158	497
word	70	462	158	497
line	0	445	158	497
char	0	373	29	423
char	30	356	68	407
char	70	373	93	408
char	96	374	148	408
word	0	356	148	423
char	169	373	198	408
char	199	373	236	407
word	169	373	236	408
char	254	374	291	408
char	286	356	306	423
char	312	374	348	408
char	349	374	385	408
char	386	363	406	408
char	408	373	436	408
char	439	374	475	408
word	254	356	475	423
char	494	363	512	408
char	508	356	512	423
word	494	356	512	423
line	0	356	512	423
char	0	284	8	319
char	7	284	42	334
char	44	267	81	318
char	83	267	100	318
char	102	285	137	318
char	139	285	175	319
char	175	285	211	319
char	214	267	244	318
word	0	267	244	334
char	255	267	291	318
char	293	284	329	334
char	329	274	349	319
char	348	285	385	319
char	386	284	411	318
char	413	284	441	319
char	444	267	462	318
char	463	267	500	318
word	255	267	500	334
line	0	267	500	334
char	0	178	12	229
char	14	195	71	229
char	73	195	101	230
char	105	195	133	230
char	137	178	155	229
char	158	195	193	245
char	193	196	245	230
word	0	178	245	245
char	266	195	299	245
word	266	195	299	245
char	319	195	356	229
char	358	195	392	245
char	393	195	418	229
word	319	195	418	245
char	436	178	474	229
char	472	178	507	230
char	510	195	512	229
word	436	178	512	230
line	0	178	512	245
char	0	89	7	140
char	0	107	36	141
word	0	89	36	156
char	56	89	73	140
char	77	106	109	141
word	56	89	109	141
char	132	106	166	156
char	169	106	197	141
word	132	106	197	156
char	220	89	250	140
word	220	89	250	140
char	260	107	313	141
word	260	107	313	141
char	334	89	363	140
char	358	89	375	140
char	379	106	410	141
char	415	106	446	141
word	334	89	446	141
char	466	89	483	140
char	484	107	512	141
word	466	89	512	141
line	0	89	512	156
char	0	17	0	51
char	2	17	32	52
char	34	17	67	67
char	69	17	105	51
char	106	0	143	51
char	143	18	179	52
word	0	0	179	67
char	200	0	235	52
char	234	17	269	67
char	273	0	290	51
word	200	0	290	67
char	310	17	347	51
char	347	17	384	51
char	386	17	415	52
word	310	17	415	52
char	437	0	467	51
char	459	17	484	51
char	484	0	512	51
word	437	0	512	67
line	0	0	512	67
