char	0	460	17	512
word	0	445	17	512
char	40	460	74	512
char	77	460	107	496
char	111	460	141	496
char	143	460	180	512
char	181	445	203	512
char	211	460	249	512
char	253	460	283	497
word	40	445	283	512
char	303	462	357	497
word	303	462	357	497
char	379	446	417	497
char	419	462	473	497
char	476	460	500	497
char	503	462	512	497
word	379	446	512	497
line	0	445	512	512
char	0	371	13	423
char	16	371	51	423
char	53	360	76	408
word	0	356	76	423
char	98	371	128	408
char	131	371	169	407
char	172	357	191	407
char	194	371	224	408
char	228	371	252	408
char	257	371	281	408
word	98	357	281	408
char	304	371	343	407
char	347	371	381	408
word	304	371	381	408
char	402	357	440	408
char	444	356	463	407
char	464	373	512	408
word	402	356	512	423
line	0	356	512	423
char	0	282	34	334
char	38	268	58	318
char	59	268	97	319
char	101	284	138	334
char	139	284	174	318
char	172	267	194	334
word	0	267	194	334
char	219	284	256	319
char	259	268	299	318
char	299	284	353	319
char	354	284	391	334
char	388	267	410	334
word	219	267	410	334
char	436	282	474	334
char	478	284	512	318
word	436	282	512	334
line	0	267	512	334
char	0	193	13	245
char	16	195	54	230
char	57	195	93	245
char	96	195	133	230
char	136	195	190	230
char	192	193	230	229
char	233	179	253	229
char	255	179	293	229
word	0	178	293	245
char	315	195	352	245
char	352	195	389	230
char	392	193	426	245
char	429	179	467	229
char	470	193	508	245
word	315	178	512	245
line	0	179	508	245
char	0	90	16	140
char	21	104	51	140
char	53	104	91	156
char	90	89	111	156
char	120	104	150	141
word	0	89	150	156
char	171	90	209	141
char	214	104	244	140
char	248	104	277	140
char	280	89	299	140
char	297	89	319	156
char	326	90	345	140
word	171	89	345	156
char	366	104	405	140
char	409	104	447	156
char	449	106	485	140
char	488	90	512	140
word	366	90	512	156
line	0	89	512	156
char	0	15	17	67
char	20	1	61	51
char	61	15	99	67
char	104	1	145	51
word	0	0	145	67
line	0	1	145	67
