char	0	459	15	498
char	23	445	30	497
char	39	445	70	497
char	72	459	108	498
char	115	445	146	497
word	0	445	146	512
char	175	445	208	498
char	216	445	248	498
char	256	445	263	497
word	175	445	263	498
char	292	459	323	497
char	330	459	365	498
char	368	459	419	497
char	422	459	453	498
word	292	459	453	498
char	478	459	512	498
word	478	445	512	512
line	0	445	512	498
char	0	369	13	408
word	0	355	13	422
char	39	356	58	408
char	61	369	94	421
char	95	355	110	422
char	115	356	134	408
char	135	355	158	407
char	159	355	166	407
char	173	369	205	408
char	210	369	243	408
char	240	355	255	422
word	39	355	255	422
char	276	355	291	422
char	300	355	307	407
char	314	369	347	421
char	354	369	388	408
char	389	369	423	422
char	428	369	461	421
char	468	355	501	408
word	276	355	501	422
line	0	355	501	422
char	0	265	1	317
char	0	265	20	317
char	18	266	37	318
char	39	279	75	318
char	79	265	113	318
char	122	265	129	317
char	136	265	169	318
char	178	265	210	317
char	218	265	250	317
char	250	279	285	317
char	287	279	321	317
char	324	279	359	318
char	363	279	397	317
char	402	279	453	317
char	462	279	493	318
word	0	265	493	332
line	0	265	493	318
char	0	189	16	241
char	20	189	56	228
char	60	189	92	228
char	99	189	120	227
word	0	175	120	242
line	0	189	120	241
char	0	99	14	138
char	19	85	26	137
char	32	85	66	138
char	75	99	96	137
char	99	99	150	137
char	159	85	166	137
char	171	86	190	138
char	193	99	228	138
char	233	99	267	138
char	268	99	302	137
char	305	85	338	138
char	344	86	363	138
word	0	85	363	152
char	385	99	419	152
char	428	99	449	137
char	448	86	467	138
word	385	86	467	152
char	492	85	512	138
word	492	85	512	152
line	0	85	512	152
char	0	9	13	47
word	0	0	13	62
char	38	9	69	48
word	38	9	69	48
char	97	9	130	48
char	135	0	142	47
char	147	9	182	62
word	97	0	182	62
char	207	0	214	47
char	223	9	256	61
word	207	0	256	61
char	283	0	316	48
char	321	9	355	62
char	355	0	370	62
char	379	9	413	61
char	417	9	451	62
char	457	9	491	62
char	496	0	512	47
word	283	0	512	62
line	0	0	512	62
