char	0	463	30	512
char	32	445	68	497
char	68	452	88	497
char	88	463	124	497
char	127	462	155	497
char	159	445	176	496
char	178	445	214	496
char	215	462	271	496
char	272	462	328	496
char	328	462	365	496
word	0	445	365	512
char	384	463	420	497
char	424	462	446	497
char	449	452	470	497
word	384	452	470	497
char	482	445	503	512
char	509	452	512	497
word	482	445	512	512
line	0	445	512	512
char	0	356	12	407
char	6	356	26	423
char	32	373	67	423
char	71	373	106	423
char	108	356	125	407
char	129	373	157	408
char	159	374	195	407
char	198	356	233	408
char	235	373	263	408
char	265	373	322	407
char	324	356	359	408
char	358	373	393	423
char	395	374	432	408
char	432	373	467	423
char	472	373	495	408
char	500	373	512	408
word	0	356	512	423
line	0	356	512	423
char	0	284	31	334
word	0	267	31	334
char	53	284	83	319
word	53	284	83	319
char	101	284	136	334
word	101	284	136	334
char	156	284	191	334
char	194	285	229	318
char	233	284	265	319
char	267	267	302	319
char	304	285	340	319
char	340	267	375	319
char	380	284	415	334
char	417	267	446	318
char	438	284	474	334
char	479	284	502	319
char	506	267	512	318
word	156	267	512	334
line	0	267	512	334
char	0	195	30	229
word	0	195	30	229
char	51	178	68	229
word	51	178	68	229
char	82	178	102	245
word	82	178	102	245
char	127	185	147	230
char	146	196	184	230
char	184	178	221	229
char	220	178	255	230
char	258	195	314	229
word	127	178	314	230
char	327	178	347	245
char	353	195	388	245
char	390	178	424	230
char	429	178	446	229
char	448	196	484	230
char	484	196	512	245
word	327	178	512	245
line	0	178	512	245
char	0	106	21	140
char	21	107	56	140
char	57	107	93	141
char	94	107	146	141
char	147	106	172	140
char	170	106	206	156
char	208	106	265	140
char	265	107	317	141
char	320	106	355	156
char	354	107	391	141
char	392	107	428	141
char	428	96	449	141
word	0	89	449	156
char	467	107	504	156
char	506	106	512	156
word	467	89	512	156
line	0	96	512	156
char	0	17	52	51
char	53	0	89	51
char	89	7	110	52
char	112	0	147	52
char	147	7	167	52
word	0	0	167	67
line	0	0	167	52
