char	0	459	13	511
word	0	445	13	512
char	42	446	73	497
char	75	459	111	498
char	115	459	148	512
char	155	446	188	498
char	195	459	227	511
char	233	460	267	497
char	272	446	304	498
char	307	460	358	497
char	359	460	393	497
char	398	459	419	497
char	419	460	453	512
char	454	447	473	498
char	477	459	512	497
word	42	446	512	512
line	0	446	512	512
char	0	371	13	409
char	20	370	51	409
char	56	370	90	409
char	95	357	128	409
char	135	370	168	423
word	0	356	168	423
char	197	357	228	408
char	233	356	255	408
char	254	370	287	409
char	292	357	325	409
word	197	356	325	409
char	352	370	385	422
char	391	357	422	408
char	431	357	438	408
char	445	370	478	409
word	352	357	478	422
char	503	370	512	408
word	503	356	512	422
line	0	356	512	423
char	2	281	33	319
char	42	281	75	333
char	79	281	111	320
char	117	281	168	319
char	177	268	183	319
char	190	281	221	320
char	225	282	259	319
word	2	268	259	333
char	283	281	334	319
char	339	282	373	319
char	378	282	409	320
char	415	268	448	320
char	455	281	490	320
word	283	268	490	320
line	2	268	490	333
char	0	192	15	231
char	20	192	55	231
char	60	192	94	231
char	94	179	108	245
word	0	178	108	245
char	135	192	168	244
char	175	192	210	231
word	135	192	210	244
char	234	192	270	231
char	276	193	307	231
char	314	192	347	244
char	352	193	386	245
char	387	193	422	230
char	426	192	477	230
char	483	179	512	231
word	234	178	512	245
line	0	179	512	245
char	0	103	33	141
char	41	90	72	141
word	0	89	72	156
char	101	103	132	141
word	101	103	132	141
char	161	104	191	142
char	198	90	231	142
char	237	104	271	156
char	273	103	306	155
char	313	103	346	156
char	353	103	384	142
char	386	104	437	141
char	438	91	457	142
char	459	90	492	142
char	502	104	512	142
word	161	89	512	156
line	0	90	512	156
char	0	14	27	53
char	32	14	66	53
char	74	1	106	53
char	113	14	146	66
word	0	0	146	67
char	171	14	206	53
word	171	14	206	53
char	230	14	264	67
word	230	14	264	67
char	290	14	323	53
char	328	14	359	52
char	364	0	386	52
char	386	14	419	53
char	423	1	454	52
word	290	0	454	53
char	480	14	512	53
word	480	0	512	67
line	0	0	512	67
