char	0	459	19	512
char	24	445	49	497
word	0	445	49	512
char	67	460	124	497
word	67	460	124	497
char	148	446	184	498
char	187	460	225	497
char	231	459	265	497
char	269	460	308	497
char	308	460	347	497
word	148	446	347	498
char	368	460	406	497
char	409	459	443	498
char	449	459	485	511
char	490	459	512	498
word	368	446	512	511
line	0	445	512	512
char	4	370	38	408
word	0	357	38	423
char	63	356	89	408
word	63	356	89	408
char	106	371	144	408
char	150	370	184	408
char	193	370	227	408
char	237	370	271	408
word	106	370	271	408
char	299	371	333	409
char	335	357	353	423
char	360	370	395	409
word	299	357	395	423
char	422	357	458	409
char	462	370	497	409
char	496	357	512	423
word	422	357	512	423
line	4	356	512	423
char	0	281	38	319
word	0	267	38	334
char	62	281	86	319
char	89	268	124	319
char	129	281	163	320
word	62	268	163	320
char	191	281	227	333
char	234	281	273	320
char	275	281	314	319
word	191	281	314	333
char	337	281	374	334
char	380	281	417	334
char	422	281	479	319
word	337	281	479	334
char	499	281	512	319
word	499	268	512	320
line	0	268	512	334
char	0	192	9	230
char	4	179	22	245
char	32	193	66	231
char	75	192	99	230
word	0	179	99	245
char	114	179	133	245
char	140	179	177	231
char	181	178	207	230
char	206	192	240	231
word	114	178	240	245
char	260	179	278	245
word	260	179	278	245
char	308	179	318	230
word	308	179	318	230
char	345	192	384	231
char	388	192	424	231
char	430	192	464	230
char	469	193	507	230
word	345	192	512	231
line	0	178	507	245
char	0	103	21	142
word	0	90	21	156
char	47	104	81	142
char	91	90	102	141
char	110	103	135	141
char	138	104	172	142
char	181	103	206	141
char	207	90	244	142
word	47	90	244	142
char	270	103	307	155
char	315	90	350	141
char	352	103	387	142
char	394	103	428	141
char	435	103	473	142
char	478	103	512	142
word	270	90	512	155
line	0	90	512	155
char	0	1	19	52
char	21	14	58	67
word	0	1	58	67
char	87	15	121	53
char	125	15	164	52
char	170	1	204	52
word	87	1	204	53
char	230	1	267	53
char	273	14	308	53
char	315	14	351	66
char	354	15	391	67
char	394	14	431	67
word	230	1	431	67
char	455	15	512	52
word	455	1	512	67
line	0	1	512	67
