char	0	459	30	497
char	32	459	64	498
char	67	459	101	497
char	104	445	137	498
char	146	445	154	497
char	160	459	196	498
char	203	459	234	497
char	243	445	275	497
char	277	459	312	498
word	0	445	312	512
char	337	459	371	498
word	337	459	371	498
char	396	459	426	498
char	436	445	469	498
word	396	445	469	498
char	496	459	512	497
word	496	459	512	512
line	0	445	512	498
char	0	369	13	407
char	19	369	54	407
char	58	355	90	407
char	92	355	126	408
char	131	355	153	407
char	155	355	186	407
char	191	355	214	407
word	0	355	214	422
char	235	355	242	407
word	235	355	242	407
char	269	369	304	408
word	269	369	304	408
char	328	369	363	422
char	367	369	398	407
char	408	355	414	407
word	328	355	414	422
char	444	369	475	407
char	484	369	512	408
word	444	355	512	408
line	0	355	512	422
char	0	279	12	318
char	19	279	70	317
char	79	265	85	317
char	91	279	126	317
word	0	265	126	332
char	142	265	157	332
char	163	279	197	317
char	202	279	233	317
char	242	265	274	317
word	142	265	274	332
char	297	279	330	331
word	297	279	330	331
char	359	265	392	318
char	395	265	418	317
char	419	265	452	318
char	456	279	490	332
word	359	265	490	332
line	0	265	490	332
char	0	189	13	228
char	20	189	52	228
char	56	189	92	228
char	95	189	130	227
char	132	189	168	228
char	173	189	206	242
char	213	189	248	228
char	255	175	287	227
word	0	175	287	242
char	316	189	349	241
char	352	189	387	227
char	392	175	398	227
char	404	189	439	227
char	439	175	462	227
char	459	189	510	227
char	507	175	512	242
word	316	175	512	242
line	0	175	512	242
char	0	99	34	137
char	42	99	73	137
char	83	85	115	138
char	120	99	156	138
char	160	99	192	138
word	0	85	192	152
char	219	85	226	137
char	232	99	266	137
word	219	85	266	137
char	291	85	298	137
char	305	99	340	138
char	343	99	394	137
char	397	99	430	151
word	291	85	430	151
char	459	99	493	151
char	500	99	512	138
word	459	85	512	151
line	0	85	512	151
char	0	9	34	47
char	40	9	73	61
char	75	0	89	62
word	0	0	89	62
char	115	9	150	62
char	152	0	185	48
char	195	0	226	47
char	235	9	266	48
char	273	9	304	48
char	311	0	343	47
char	351	0	359	47
word	115	0	359	62
line	0	0	359	62
