char	0	462	15	497
char	19	446	38	496
char	41	461	65	497
char	70	461	99	497
char	97	446	119	512
char	128	461	165	512
char	169	461	198	497
word	0	446	198	512
char	221	447	258	497
word	221	447	258	497
char	281	461	310	496
word	281	461	310	496
char	331	447	371	496
char	370	462	407	497
char	409	461	447	496
char	451	461	483	497
char	486	462	512	497
word	331	446	512	512
line	0	446	512	512
char	0	359	15	409
char	20	359	58	409
char	60	374	96	424
char	98	361	121	409
word	0	358	121	424
char	142	373	180	424
word	142	373	180	424
char	201	361	224	409
char	226	359	245	408
char	247	358	266	408
word	201	358	266	409
char	287	374	324	409
word	287	374	324	409
char	347	358	375	408
char	370	374	407	409
char	410	359	447	409
char	449	374	502	409
char	500	358	512	424
word	347	358	512	424
line	0	358	512	424
char	0	270	7	320
char	1	286	55	321
char	56	286	92	336
char	95	285	124	321
char	126	286	162	321
word	0	270	162	336
char	183	285	220	336
char	224	286	259	320
char	262	285	294	321
char	299	270	327	320
char	322	286	375	321
char	379	285	412	321
word	183	270	412	336
char	434	285	463	321
word	434	285	463	321
char	485	271	512	321
word	485	271	512	321
line	0	270	512	336
char	0	197	29	233
char	27	182	49	248
char	56	185	79	233
char	82	197	120	232
char	122	183	160	233
char	160	182	182	248
word	0	182	182	248
char	207	198	243	248
char	246	197	275	233
char	279	183	316	232
char	319	183	356	233
char	357	182	378	248
char	386	183	424	232
char	423	182	445	248
char	448	182	470	248
word	207	182	470	248
char	496	182	512	232
word	496	182	512	233
line	0	182	512	248
char	0	109	37	144
char	41	95	78	145
char	82	109	116	160
word	0	94	116	160
char	138	95	175	144
word	138	95	175	144
char	198	95	235	144
char	238	109	276	160
char	279	110	315	145
word	198	95	315	160
char	336	95	373	145
char	377	97	400	145
char	403	109	433	145
char	435	97	458	145
char	461	109	491	145
char	493	109	512	160
word	336	95	512	160
line	0	95	512	160
char	21	7	40	56
char	42	21	79	72
char	83	7	120	57
char	125	21	162	72
word	21	7	162	72
char	186	21	216	56
char	214	6	235	72
char	243	21	280	72
char	284	7	303	56
word	186	6	303	72
char	323	22	376	57
word	323	22	376	57
char	397	7	437	56
word	397	7	437	56
char	457	6	485	56
char	481	21	512	72
word	457	6	512	72
line	21	6	512	72
