char	0	462	1	497
char	4	462	61	496
char	62	445	100	496
char	99	462	136	496
char	138	445	155	496
word	0	445	155	512
char	175	463	213	497
char	213	445	250	496
char	250	463	288	512
char	288	463	324	497
word	175	445	324	512
char	346	445	376	496
char	368	462	405	496
char	407	462	443	512
char	443	452	464	497
char	463	462	500	496
char	501	452	512	497
word	346	445	512	512
line	0	445	512	512
char	0	372	33	422
char	32	372	68	422
word	0	355	68	422
char	91	372	125	422
char	126	372	163	406
char	164	372	189	406
char	191	372	219	407
word	91	372	219	422
char	239	355	274	407
char	277	372	314	406
char	317	372	341	407
char	346	372	376	407
char	378	355	395	406
char	399	372	433	422
char	437	372	460	407
word	239	355	460	422
char	481	372	512	406
word	481	372	512	406
line	0	355	512	422
char	0	265	15	316
char	11	265	31	332
word	0	265	31	332
char	56	282	113	316
word	56	282	113	316
char	134	282	165	317
char	165	283	202	332
char	203	283	239	317
char	242	282	271	317
char	272	265	307	317
word	134	265	307	332
char	329	283	365	317
char	366	272	387	317
char	389	265	418	316
char	410	282	446	332
char	449	283	484	316
char	486	282	512	316
word	329	265	512	332
line	0	265	512	332
char	0	192	25	227
char	27	193	63	227
char	66	175	83	226
char	86	175	104	226
char	106	193	141	226
word	0	175	141	227
char	163	192	196	227
char	200	175	236	227
char	230	175	250	242
word	163	175	250	242
char	278	192	301	227
word	278	192	301	227
char	322	175	357	227
char	363	192	386	227
char	391	192	419	227
char	423	175	440	226
char	442	192	468	226
char	467	193	505	242
char	507	192	512	242
word	322	175	512	242
line	0	175	512	242
char	0	103	12	137
char	15	102	39	137
char	43	102	77	152
char	79	92	100	137
char	102	102	126	137
char	130	102	166	152
char	166	103	202	136
word	0	85	202	152
char	223	84	241	136
char	245	102	269	137
char	273	102	306	137
char	311	102	341	137
char	341	103	378	137
char	379	102	404	136
word	223	84	404	137
char	422	103	475	137
char	476	103	512	137
word	422	84	512	137
line	0	84	512	152
char	0	13	12	47
char	14	12	43	47
char	45	0	83	46
char	83	12	140	46
word	0	0	140	62
char	158	13	211	47
char	214	12	248	62
word	158	12	248	62
char	270	12	301	47
char	304	12	327	47
word	270	12	327	47
char	348	13	401	47
char	401	12	439	46
word	348	12	439	47
char	458	13	494	47
char	489	0	510	62
word	458	0	510	62
line	0	0	510	62
