char	0	445	16	496
word	0	445	16	512
char	40	461	78	496
char	81	461	118	496
char	121	460	146	496
word	40	460	146	496
char	169	460	199	496
char	203	445	244	496
char	246	460	275	496
word	169	445	275	496
char	293	445	315	512
char	322	461	376	496
word	293	445	376	512
char	398	460	431	496
word	398	460	431	496
char	455	445	496	496
char	498	460	512	496
word	455	445	512	496
line	0	445	512	512
char	0	370	9	406
char	11	371	48	406
char	50	358	73	406
char	76	355	117	406
char	119	370	149	406
char	147	355	169	422
char	178	370	217	422
char	220	370	253	406
char	258	355	297	406
word	0	355	297	422
char	320	370	353	406
char	357	355	376	406
word	320	355	376	406
char	396	371	451	406
char	452	355	472	406
word	396	355	472	406
char	492	371	512	406
word	492	370	512	406
line	0	355	512	422
char	0	264	27	316
char	24	280	56	316
char	61	280	100	316
word	0	264	100	316
char	121	281	158	316
char	161	265	200	316
char	203	264	232	316
char	229	280	259	316
char	262	265	301	316
word	121	264	301	316
char	323	265	361	316
word	323	265	361	316
char	386	280	416	316
char	420	280	449	316
char	453	280	488	332
char	491	281	512	316
word	386	280	512	332
line	0	264	512	332
char	14	175	36	242
char	45	190	75	226
char	76	191	131	226
char	134	190	172	242
word	14	175	172	242
char	194	174	214	226
char	215	191	251	226
char	254	190	284	226
char	283	175	305	242
char	311	191	366	226
word	194	174	366	242
char	388	190	421	226
char	425	191	460	226
char	462	178	486	226
char	489	190	512	226
word	388	178	512	226
line	14	174	512	242
char	0	84	8	136
word	0	84	8	152
char	22	100	60	152
char	65	85	84	136
char	88	100	122	136
char	124	88	148	136
word	22	85	148	152
char	169	100	207	152
word	169	100	207	152
char	231	101	269	136
char	273	101	311	136
char	315	85	353	136
char	356	101	411	136
char	413	100	452	136
char	455	88	479	136
char	482	100	512	136
word	231	85	512	152
line	0	84	512	152
char	0	11	33	46
char	36	0	77	46
word	0	0	77	46
char	97	0	136	46
word	97	0	136	46
char	158	11	193	46
char	196	11	234	46
char	239	10	272	46
char	276	0	300	46
char	303	0	341	46
char	345	10	375	46
char	378	0	401	46
word	158	0	401	46
char	423	0	452	46
char	449	10	482	46
char	487	10	512	46
word	423	0	512	62
line	0	0	512	46
