char	0	462	34	497
char	37	462	90	497
char	92	462	126	496
char	128	446	147	496
char	150	461	180	497
char	184	461	217	497
char	221	447	258	497
word	0	446	258	497
char	281	461	315	512
char	316	462	353	512
char	356	461	389	497
char	391	449	414	497
char	417	462	454	497
word	281	449	454	512
char	477	461	512	496
word	477	446	512	512
line	0	446	512	512
char	0	373	8	409
char	12	373	44	409
char	49	359	87	409
char	89	374	125	424
char	122	358	144	424
char	153	373	182	409
char	185	359	225	408
word	0	358	225	424
char	246	373	275	409
char	277	374	312	408
word	246	373	312	409
line	0	358	312	424
char	0	285	16	336
char	20	285	54	321
char	57	286	94	321
word	0	270	94	336
char	117	285	151	336
char	153	270	172	320
char	175	285	205	320
char	207	286	242	320
char	244	271	263	320
char	266	285	290	321
char	295	285	329	336
char	332	285	390	320
char	393	270	412	320
char	414	270	433	320
char	434	271	453	320
word	117	270	453	336
char	473	286	510	336
char	512	270	512	320
word	473	270	512	336
line	0	270	512	336
char	0	197	16	232
char	20	183	57	232
char	60	182	79	232
char	82	197	112	232
word	0	182	112	248
char	133	197	191	232
word	133	197	191	232
char	211	198	265	233
char	268	197	292	233
char	296	182	324	232
word	211	182	324	233
char	339	183	358	232
char	361	197	390	233
char	394	197	428	233
char	431	197	455	233
word	339	183	455	233
char	477	185	500	233
char	501	198	512	233
word	477	183	512	233
line	0	182	512	233
char	0	95	15	145
char	20	109	57	144
char	62	95	99	145
char	101	110	137	145
char	139	95	158	144
char	161	109	195	145
char	197	110	233	160
char	234	94	253	144
char	257	109	290	145
char	293	109	352	144
char	353	110	390	145
char	392	94	411	144
char	412	95	431	144
char	434	95	472	144
char	476	109	500	145
char	505	109	512	160
word	0	94	512	160
line	0	94	512	160
char	0	21	8	56
char	10	7	29	56
char	32	21	91	56
char	95	21	132	72
word	0	6	132	72
char	153	22	189	57
word	153	22	189	57
char	210	21	240	57
char	243	21	281	72
char	285	22	322	57
char	326	6	354	56
char	349	22	403	57
word	210	6	403	72
char	422	22	459	72
char	460	22	496	72
word	422	22	496	72
line	0	6	496	72
