char	0	459	19	498
word	0	445	19	512
char	49	458	83	497
char	92	458	147	497
char	151	459	190	497
char	192	458	228	498
char	236	445	246	497
word	49	445	246	498
char	275	445	312	498
char	319	458	344	497
char	339	445	358	512
char	367	459	401	498
char	406	459	444	512
char	447	458	482	498
word	275	445	482	512
char	509	445	512	497
word	509	445	512	498
line	0	445	512	512
char	0	369	58	407
char	60	368	95	408
char	99	368	134	408
word	0	368	134	408
char	161	368	217	407
char	226	355	237	407
char	241	369	279	422
word	161	355	279	422
char	302	355	339	408
char	344	369	401	407
word	302	355	401	408
char	421	369	460	407
char	465	369	500	408
word	421	369	500	408
line	0	355	500	422
char	0	278	20	332
char	29	265	63	317
char	68	279	107	317
char	112	278	136	317
char	140	278	164	317
word	0	265	164	332
char	185	278	221	318
word	185	278	221	318
char	244	266	266	318
char	267	279	306	317
char	307	279	364	317
char	366	265	403	318
char	412	279	446	318
char	454	278	491	331
char	498	265	512	318
word	244	265	512	332
line	0	265	512	332
char	0	188	9	227
word	0	175	9	242
char	30	188	69	228
char	74	175	111	228
char	117	188	152	228
char	158	188	195	242
char	201	188	237	228
char	241	188	276	228
char	283	188	307	227
char	302	175	321	242
char	331	188	355	227
char	354	189	393	227
char	398	175	433	227
word	30	175	433	242
char	458	188	495	241
char	497	189	512	227
word	458	188	512	242
line	0	175	512	242
char	3	98	42	138
char	45	99	103	137
char	105	98	142	151
char	147	84	173	137
char	170	99	208	152
word	0	84	208	152
char	230	86	253	138
char	256	98	295	138
char	302	85	337	137
char	345	98	401	137
char	410	85	447	138
char	450	99	508	137
char	512	98	512	137
word	230	85	512	138
line	3	84	512	152
char	0	9	19	47
char	22	0	59	48
word	0	0	59	62
char	88	8	113	47
char	116	0	153	48
char	160	8	184	47
char	188	0	198	47
word	88	0	198	48
char	228	0	262	47
word	228	0	262	47
char	288	0	298	47
char	303	9	342	47
char	345	8	382	62
char	389	8	424	48
char	428	8	466	62
word	288	0	466	62
char	492	8	512	48
word	492	8	512	48
line	0	0	512	62
