char	0	446	36	497
char	38	445	58	496
char	59	446	97	497
word	0	445	97	497
char	122	460	156	497
char	159	446	199	496
char	200	462	235	496
char	237	449	260	497
word	122	446	260	497
char	281	446	300	496
word	281	446	300	496
char	322	460	356	497
char	360	460	394	512
char	396	446	415	496
char	418	462	455	497
word	322	446	455	512
char	479	460	509	497
char	511	446	512	497
word	479	446	512	497
line	0	445	512	512
char	0	356	21	423
char	29	356	58	407
word	0	356	58	423
line	0	356	58	423
char	0	282	13	334
char	15	267	34	318
char	37	282	70	319
word	0	267	70	334
char	94	282	123	319
char	125	284	162	319
char	165	282	199	334
word	94	282	199	334
char	220	267	239	318
char	242	268	280	318
word	220	267	280	318
char	303	282	337	334
char	341	282	375	319
word	303	282	375	334
char	395	284	432	319
char	435	284	472	319
char	476	268	512	319
word	395	268	512	334
line	0	267	512	334
char	0	193	38	229
char	40	179	78	230
char	84	193	108	230
char	108	178	129	245
word	0	178	129	245
char	156	179	194	229
char	197	195	233	229
char	236	179	274	229
word	156	179	274	229
char	297	193	335	245
word	297	193	335	245
char	356	178	375	229
char	376	195	413	230
char	415	178	434	229
char	436	179	473	230
char	478	179	497	229
char	500	193	512	229
word	356	178	512	230
line	0	178	512	245
char	0	106	31	141
char	33	90	71	140
char	76	104	100	141
word	0	89	100	156
char	122	106	157	140
char	160	104	198	140
char	203	104	232	141
char	236	104	266	141
char	268	90	306	141
word	122	90	306	141
char	325	89	347	156
word	325	89	347	156
char	374	104	412	156
char	415	89	434	140
word	374	89	434	156
char	454	106	508	141
char	511	104	512	140
word	454	104	512	141
line	0	89	512	156
char	0	1	15	52
char	19	4	43	52
char	46	15	80	52
word	0	0	80	67
char	100	17	137	52
char	140	15	170	52
word	100	15	170	52
char	192	1	230	52
char	232	17	269	52
char	271	17	306	51
char	308	17	343	51
char	346	15	379	52
word	192	1	379	52
char	402	1	443	51
char	445	15	469	52
char	473	4	496	52
char	499	15	512	52
word	402	1	512	52
line	0	1	512	52
