char	0	462	32	497
char	29	446	51	512
char	59	447	99	496
char	100	447	137	497
char	142	461	176	512
char	179	446	208	496
char	205	461	263	496
char	265	461	303	512
char	308	447	346	497
char	350	447	387	497
char	391	461	425	512
char	428	461	461	497
char	465	462	502	497
char	507	461	512	496
word	0	446	512	512
line	0	446	512	512
char	0	373	33	409
word	0	358	33	424
char	55	373	79	409
word	55	373	79	409
char	103	373	132	409
char	136	373	165	408
char	169	373	202	424
word	103	373	202	424
line	0	373	202	424
char	0	285	27	320
char	29	271	48	320
char	50	270	69	320
char	72	285	101	320
char	103	285	141	336
char	144	286	197	321
char	200	285	229	321
word	0	270	229	336
char	251	271	270	320
char	272	285	310	320
char	314	286	351	321
char	354	273	378	321
char	381	271	418	321
word	251	271	418	321
char	441	285	499	320
char	502	271	512	320
word	441	271	512	320
line	0	270	512	336
char	0	197	12	233
char	15	182	44	232
char	41	197	75	248
char	77	182	96	232
char	94	182	115	248
char	122	198	158	248
char	160	198	194	232
char	196	182	216	232
char	219	197	252	233
word	0	182	252	248
char	273	198	309	248
word	273	198	309	248
char	330	198	367	233
word	330	198	367	233
char	390	197	428	232
char	432	197	461	233
char	464	182	493	232
char	489	183	512	232
word	390	182	512	233
line	0	182	512	248
char	0	95	35	145
char	38	94	67	144
char	62	110	97	144
char	100	95	140	144
char	141	110	175	144
char	179	109	237	144
word	0	94	237	145
char	258	94	277	144
char	279	110	315	160
char	316	95	353	145
char	359	95	396	144
char	399	110	434	144
char	437	109	466	145
char	470	109	500	144
word	258	94	500	160
line	0	94	500	160
char	0	22	13	57
char	16	21	53	72
char	57	21	87	56
char	90	7	128	57
char	132	21	166	57
word	0	6	166	72
char	186	9	210	57
char	213	21	246	57
char	250	21	287	72
char	291	7	329	57
char	331	9	355	57
char	356	22	392	57
word	186	7	392	72
char	414	21	447	57
char	450	6	469	56
char	472	21	501	57
char	502	22	512	57
word	414	6	512	57
line	0	6	512	72
