char	0	461	28	512
char	31	460	63	511
char	68	461	118	497
char	120	447	153	498
char	158	461	208	497
char	205	447	219	512
char	228	447	235	497
char	242	460	276	498
char	283	461	314	498
char	319	448	338	498
char	342	460	375	511
char	378	461	412	512
char	413	461	447	512
char	451	447	482	497
char	489	460	512	498
word	0	446	512	512
line	0	447	512	512
char	0	372	14	410
char	18	360	36	410
char	37	373	87	409
word	0	358	87	424
char	111	359	142	409
char	144	372	177	424
char	184	372	218	410
char	225	359	232	409
char	241	372	261	409
char	257	359	271	424
word	111	359	271	424
char	300	372	320	409
char	321	359	354	410
char	360	372	391	410
char	398	372	448	409
word	300	359	448	410
line	0	359	448	424
char	0	284	2	321
char	6	271	13	321
char	21	271	28	321
char	35	284	69	322
word	0	270	69	336
char	94	284	125	322
word	94	284	125	322
char	147	285	181	321
char	182	285	216	321
word	147	285	216	321
char	241	284	291	321
char	299	285	329	322
word	241	284	329	322
char	358	271	390	322
word	358	271	390	322
char	409	271	424	336
word	409	271	424	336
char	452	284	483	321
char	489	284	512	322
word	452	271	512	336
line	0	271	512	336
char	0	197	32	233
char	33	197	67	233
char	72	196	104	247
char	111	196	161	233
char	169	196	200	233
char	205	182	227	233
char	228	183	235	233
char	240	184	259	234
char	260	197	294	248
char	299	183	305	233
char	310	197	360	233
word	0	182	360	248
char	381	197	415	233
char	418	196	452	234
word	381	196	452	234
char	476	196	507	234
char	506	183	512	248
word	476	183	512	248
line	0	182	512	248
char	0	109	12	160
char	17	95	24	145
char	33	108	83	145
char	87	94	109	145
char	109	108	141	159
char	146	94	168	145
char	167	108	202	146
char	207	108	241	146
char	244	94	266	145
char	266	108	301	146
char	307	95	338	145
char	343	95	349	145
char	358	95	365	145
char	374	108	404	145
word	0	94	404	160
line	0	94	404	160
char	0	21	48	57
char	48	21	98	57
char	101	20	134	58
char	138	20	189	57
char	193	6	215	57
char	214	20	245	58
char	250	20	283	58
char	285	20	319	58
char	327	21	357	58
char	363	7	396	58
char	403	20	435	71
word	0	6	435	71
char	464	20	484	57
char	485	20	512	58
word	464	7	512	72
line	0	6	512	71
