char	0	463	31	497
char	32	464	67	497
char	68	463	93	497
char	86	446	107	512
char	112	464	164	497
char	165	453	185	497
word	0	446	185	512
char	205	446	222	497
char	223	464	260	497
char	262	463	290	497
char	294	463	322	497
char	326	463	354	497
char	358	446	375	497
char	378	463	411	512
char	413	464	448	497
char	451	463	484	512
char	485	446	512	497
word	205	446	512	512
line	0	446	512	512
char	0	375	31	409
char	33	375	63	409
char	65	358	81	409
char	85	358	102	409
word	0	358	102	424
char	121	375	156	424
char	158	376	194	409
char	195	358	231	409
word	121	358	231	424
char	250	375	305	409
char	306	358	343	409
char	341	376	378	409
char	378	358	412	409
char	417	358	433	409
char	435	376	471	409
char	473	375	501	409
char	503	375	512	424
word	250	358	512	424
line	0	358	512	424
char	0	287	31	321
char	33	270	49	321
char	52	288	87	321
char	82	270	102	336
char	107	270	142	321
char	144	288	196	321
char	196	287	231	336
char	233	288	269	321
char	271	287	306	336
char	308	287	338	321
word	0	270	338	336
char	356	270	390	321
char	392	270	426	321
char	429	288	466	336
char	467	288	501	321
word	356	270	501	336
line	0	270	501	336
char	0	200	11	248
char	14	199	42	233
char	44	200	79	233
char	79	199	114	248
char	116	199	153	233
word	0	182	153	248
char	171	199	196	233
char	198	199	221	233
word	171	199	221	233
line	0	199	221	248
char	0	112	11	145
char	13	111	46	160
char	49	94	66	145
char	70	94	86	145
char	88	101	109	145
char	109	94	145	145
char	145	94	182	145
char	183	111	211	145
char	213	111	269	145
char	269	94	303	145
char	309	111	332	145
word	0	94	332	160
char	353	94	390	145
word	353	94	390	145
char	409	94	439	145
char	433	111	461	145
char	462	112	499	145
char	499	111	512	160
word	409	94	512	160
line	0	94	512	160
char	0	23	29	57
char	29	24	66	72
char	66	24	103	57
char	105	6	122	57
char	123	24	159	57
char	159	24	196	72
char	198	23	226	57
word	0	6	226	72
char	247	23	303	57
char	303	24	339	57
char	341	23	369	57
char	371	6	408	57
char	410	6	439	57
char	431	24	468	72
word	247	6	468	72
char	481	6	501	72
word	481	6	501	72
line	0	6	501	72
