char	0	458	21	511
char	26	445	64	498
word	0	445	64	512
char	90	458	129	498
char	136	445	171	497
word	90	445	171	498
char	196	445	232	498
char	239	458	264	497
word	196	445	264	498
char	286	458	322	511
word	286	458	322	511
char	347	445	373	497
word	347	445	373	497
line	0	445	373	511
char	0	369	19	407
char	24	355	61	408
char	64	369	103	407
char	100	355	118	422
char	123	369	161	422
char	158	355	177	422
word	0	355	177	422
line	0	355	177	422
char	2	278	38	318
char	42	278	81	318
char	86	278	122	318
char	124	279	181	317
char	185	278	241	317
char	250	265	284	317
char	293	279	327	318
char	335	278	372	331
char	381	265	415	317
char	421	265	455	317
char	460	279	497	332
char	503	265	512	317
word	0	265	512	332
line	2	265	512	332
char	0	189	58	227
char	60	188	95	228
char	100	188	135	228
char	139	188	174	228
char	179	188	214	228
word	0	188	214	228
char	241	188	278	241
char	283	188	320	242
char	329	175	365	228
char	372	188	397	227
char	396	189	435	227
char	440	188	475	227
char	484	188	512	241
word	241	175	512	242
line	0	175	512	242
char	0	98	21	151
char	28	85	63	137
char	66	98	103	151
char	112	85	123	137
word	0	85	123	152
char	149	98	184	138
word	149	98	184	138
char	209	98	245	138
char	249	85	286	138
char	295	85	332	138
word	209	85	332	138
char	359	85	394	137
char	399	99	433	138
word	359	85	433	138
char	462	85	497	137
char	502	98	512	151
word	462	85	512	152
line	0	85	512	151
char	1	0	23	48
char	28	0	65	48
char	72	9	106	48
char	116	0	127	47
word	1	0	127	48
char	154	8	193	48
char	200	0	235	47
char	244	8	268	47
word	154	0	268	48
char	289	8	328	48
char	331	9	370	47
char	375	0	412	48
word	289	0	412	48
char	435	9	492	47
word	435	9	492	47
line	1	0	492	48
