char	0	463	7	497
char	7	446	43	497
char	43	464	79	497
char	80	446	117	497
char	118	446	147	497
char	142	463	170	497
char	171	463	206	512
char	210	446	227	497
char	229	453	249	497
char	248	463	283	512
char	285	463	320	512
word	0	446	320	512
char	342	446	371	497
char	363	446	398	497
word	342	446	398	497
char	418	464	455	497
char	454	464	491	497
char	493	446	510	497
char	512	463	512	497
word	418	446	512	512
line	0	446	512	512
char	0	375	33	424
char	34	376	71	409
char	73	375	101	409
char	103	358	139	409
char	141	358	158	409
char	159	358	193	409
char	198	375	228	409
word	0	358	228	424
char	245	376	282	409
word	245	376	282	409
char	301	376	352	409
char	355	375	390	424
char	390	358	426	409
word	301	358	426	424
char	444	376	496	409
char	497	376	512	409
word	444	375	512	424
line	0	358	512	424
char	0	287	9	336
char	11	270	48	321
word	0	270	48	336
char	66	288	101	321
char	102	287	139	321
word	66	287	139	321
char	159	270	188	321
char	181	277	201	321
word	159	270	201	321
char	221	287	256	336
word	221	287	256	336
char	276	270	292	321
char	294	287	328	336
char	333	270	367	321
char	369	270	386	321
char	387	287	422	336
char	426	287	458	321
char	454	270	475	336
word	276	270	475	336
char	499	288	512	321
word	499	288	512	321
line	0	270	512	336
char	0	199	5	233
char	7	189	27	233
char	29	199	57	233
char	59	189	79	233
char	79	200	116	248
word	0	182	116	248
char	134	200	186	233
char	187	199	243	233
char	242	200	279	233
char	279	182	313	233
char	318	199	348	233
word	134	182	348	233
line	0	182	348	248
char	0	112	26	145
char	29	111	57	145
char	59	112	111	145
char	113	111	145	145
char	148	111	204	145
char	204	112	241	160
word	0	94	241	160
line	0	111	241	160
char	0	6	13	57
char	17	23	47	57
char	49	23	77	57
char	81	23	113	57
word	0	6	113	72
char	136	23	171	72
char	172	23	207	72
word	136	23	207	72
char	225	24	262	72
word	225	24	262	72
char	280	24	317	72
char	317	24	369	57
char	370	24	405	57
char	405	6	439	57
char	442	23	478	57
char	479	13	499	57
char	501	23	512	57
word	280	6	512	72
line	0	6	512	72
