char	0	459	13	497
char	23	445	54	497
char	59	459	110	497
char	116	459	150	512
char	159	459	210	497
char	219	459	240	497
word	0	445	240	512
char	263	445	296	498
char	303	445	310	497
char	317	459	352	498
char	357	459	391	498
word	263	445	391	498
char	416	459	437	497
char	440	459	471	498
char	476	445	498	497
char	500	445	512	497
word	416	445	512	498
line	0	445	512	512
char	0	369	14	422
char	20	369	56	408
word	0	355	56	422
char	75	355	90	422
char	95	369	130	407
char	135	355	142	407
char	151	369	172	407
char	171	369	206	422
char	211	369	262	407
word	75	355	262	422
char	287	369	322	407
char	324	369	360	408
char	365	369	398	408
char	401	369	436	408
char	441	369	474	422
word	287	369	474	422
char	503	355	512	408
word	503	355	512	422
line	0	355	512	422
char	1	279	34	331
word	1	279	34	331
char	59	265	81	317
word	59	265	81	317
char	103	265	134	317
char	141	279	177	318
char	183	279	214	317
char	224	265	255	317
char	262	279	297	318
char	302	279	337	318
char	344	265	376	317
char	380	279	401	317
char	404	265	437	318
word	103	265	437	318
line	1	265	437	331
char	0	175	6	227
char	13	189	48	228
char	55	189	86	227
char	93	189	126	241
char	135	175	167	227
char	171	189	223	227
char	227	189	278	227
char	283	189	314	227
char	323	175	355	227
word	0	175	355	242
char	379	175	411	227
char	412	189	447	242
char	448	189	482	242
word	379	175	482	242
char	505	189	512	228
word	505	189	512	228
line	0	175	512	242
char	0	85	30	137
char	39	99	90	137
char	95	85	117	137
char	119	85	150	137
word	0	85	150	152
char	173	99	204	138
char	211	99	263	137
char	267	85	289	137
char	291	99	312	137
char	315	85	322	137
char	329	85	362	138
char	369	99	401	138
char	403	99	455	137
word	173	85	455	138
char	480	85	511	137
word	480	85	512	138
line	0	85	511	138
char	0	9	12	48
char	15	0	34	48
char	39	9	60	47
char	63	0	70	47
char	79	9	110	48
char	119	0	126	47
char	132	9	166	47
char	171	9	204	61
char	209	9	242	48
char	245	9	280	48
char	287	9	318	48
char	328	9	379	47
char	383	0	406	47
char	406	9	439	61
char	445	0	479	48
char	486	9	512	48
word	0	0	512	62
line	0	0	512	61
