line	0	0	511	67
line	0	89	511	155
line	0	179	511	229
line	0	267	511	333
line	0	356	511	423
line	0	445	511	511
word	0	445	118	496
word	0	356	103	423
word	0	282	66	318
word	0	179	326	229
word	0	89	38	139
word	0	0	112	67
word	59	106	95	140
word	88	268	378	333
word	120	104	157	155
word	123	356	346	423
word	135	0	351	66
word	136	445	183	511
word	181	104	214	140
word	209	445	493	496
word	237	89	422	141
word	349	179	511	229
word	367	356	511	422
word	374	0	511	52
word	396	267	511	333
word	443	92	467	140
word	487	89	511	139
word	506	363	510	363
char	0	469	2	492
char	0	458	2	467
char	0	451	2	460
char	0	440	23	499
char	0	352	36	411
char	0	277	6	321
char	0	174	20	233
char	0	84	40	143
char	0	9	19	71
char	5	277	34	322
char	17	0	50	52
char	18	174	58	233
char	23	442	67	499
char	27	441	32	450
char	34	277	68	321
char	35	351	60	427
char	45	12	77	55
char	45	10	50	19
char	55	101	97	144
char	59	188	88	233
char	62	366	105	427
char	64	459	120	500
char	77	14	114	52
char	84	277	124	337
char	89	191	128	233
char	116	99	159	159
char	119	351	146	427
char	123	277	161	337
char	128	187	161	233
char	131	10	173	70
char	132	440	159	511
char	149	365	192	411
char	158	440	185	511
char	161	277	202	319
char	161	188	189	233
char	164	277	169	286
char	174	9	203	55
char	177	99	216	144
char	189	174	231	232
char	192	366	230	411
char	202	281	258	322
char	203	1	226	54
char	205	440	239	499
char	226	12	259	54
char	231	366	265	411
char	231	188	266	233
char	233	98	267	144
char	234	457	271	500
char	258	263	298	323
char	258	9	292	55
char	264	351	289	427
char	266	187	328	232
char	267	84	299	141
char	271	455	304	498
char	291	0	315	70
char	292	366	326	411
char	293	86	336	143
char	298	263	340	323
char	303	455	339	500
char	318	10	353	55
char	326	351	348	408
char	336	100	368	145
char	339	454	374	499
char	341	277	380	323
char	345	174	387	233
char	363	367	418	412
char	368	102	424	144
char	370	0	412	55
char	373	440	395	499
char	387	190	444	233
char	392	262	418	337
char	395	455	457	499
char	411	455	417	464
char	412	0	436	54
char	417	351	442	426
char	418	455	427	464
char	422	276	461	322
char	436	11	469	56
char	439	87	469	144
char	444	354	472	411
char	444	174	485	233
char	458	455	495	500
char	461	277	495	321
char	469	10	505	55
char	471	352	493	408
char	483	84	508	143
char	485	189	511	233
char	493	365	511	412
char	494	281	511	322
char	502	358	507	367
char	505	9	511	56
char	507	105	511	143
char	507	94	511	112
char	507	4	511	13
