line	0	0	511	66
line	0	89	511	155
line	0	179	511	245
line	0	267	511	334
line	0	357	511	408
line	0	446	511	496
word	0	446	178	496
word	0	357	132	407
word	0	282	71	333
word	0	192	40	229
word	0	89	33	141
word	0	0	52	66
word	59	90	224	140
word	64	192	102	244
word	73	0	164	51
word	94	282	123	319
word	125	192	155	228
word	144	267	511	334
word	157	357	396	408
word	176	181	225	229
word	188	0	227	50
word	202	460	365	496
word	245	89	390	155
word	249	179	391	245
word	249	14	350	50
word	373	14	511	51
word	387	448	442	496
word	414	89	508	155
word	415	192	452	244
word	418	359	441	407
word	461	357	511	407
word	465	446	511	496
word	476	192	511	230
char	0	452	5	500
char	0	367	14	411
char	0	279	35	322
char	0	188	14	233
char	0	84	35	145
char	0	0	23	70
char	4	443	32	500
char	9	279	14	288
char	14	187	42	233
char	15	366	51	411
char	17	279	23	288
char	20	279	27	288
char	24	2	54	55
char	31	457	72	497
char	35	277	73	337
char	51	352	91	411
char	55	98	97	143
char	60	187	104	248
char	69	0	138	55
char	73	455	106	499
char	90	277	125	323
char	92	365	134	410
char	97	99	140	143
char	106	455	139	500
char	121	187	157	232
char	138	11	166	55
char	139	441	180	500
char	139	85	181	143
char	140	279	182	322
char	153	352	196	411
char	172	176	200	233
char	181	85	226	144
char	182	276	223	321
char	184	0	207	54
char	187	312	192	321
char	189	312	194	321
char	195	312	200	321
char	196	366	234	411
char	198	455	261	499
char	199	189	227	233
char	207	1	229	54
char	223	277	254	323
char	234	366	267	411
char	241	85	282	143
char	245	187	289	249
char	245	10	288	54
char	253	262	277	337
char	262	455	296	500
char	268	366	300	411
char	279	84	305	159
char	280	265	308	322
char	288	9	352	54
char	289	174	331	233
char	296	455	329	498
char	300	352	322	408
char	307	262	373	323
char	308	85	352	144
char	321	352	343	409
char	330	455	367	500
char	330	263	335	272
char	331	188	393	232
char	333	263	339	272
char	341	370	398	412
char	352	85	392	144
char	369	10	407	55
char	373	265	401	322
char	383	443	412	500
char	401	279	436	322
char	407	9	442	55
char	410	86	435	145
char	411	457	444	500
char	411	187	454	248
char	414	354	443	411
char	434	84	458	159
char	436	281	476	338
char	442	10	505	52
char	457	352	482	411
char	461	455	499	500
char	461	98	505	143
char	472	187	507	233
char	475	278	511	321
char	482	367	511	410
char	499	441	511	500
char	503	12	511	55
char	504	312	509	321
char	506	188	511	234
char	508	312	511	321
