line	0	0	511	61
line	0	50	14	50
line	0	52	15	60
line	0	85	123	135
line	0	175	511	242
line	0	265	511	332
line	0	322	14	330
line	0	355	477	406
line	0	444	511	511
word	0	444	93	511
word	0	371	72	406
word	0	265	206	331
word	0	175	361	241
word	0	85	123	135
word	0	0	59	60
word	11	234	11	234
word	83	9	338	61
word	94	355	437	405
word	121	444	183	511
word	208	444	238	495
word	232	280	264	315
word	253	460	291	495
word	288	280	365	315
word	314	445	353	495
word	359	0	511	61
word	376	460	414	495
word	379	175	480	241
word	388	281	426	315
word	437	445	511	495
word	448	265	511	332
word	494	190	511	242
char	0	439	19	500
char	0	366	36	410
char	0	277	16	322
char	0	185	13	230
char	0	95	19	139
char	0	47	17	64
char	0	3	17	51
char	1	317	16	334
char	2	276	10	285
char	5	50	11	59
char	5	2	11	6
char	7	229	12	238
char	9	2	14	7
char	11	45	16	54
char	14	260	55	319
char	14	185	48	229
char	18	458	71	499
char	18	80	65	139
char	18	0	61	49
char	36	366	74	409
char	48	187	88	245
char	55	260	97	320
char	61	80	84	139
char	70	440	95	511
char	79	5	114	49
char	82	80	125	139
char	86	186	125	227
char	90	365	131	409
char	98	274	140	335
char	114	8	171	49
char	117	439	152	499
char	124	172	151	229
char	131	365	164	409
char	137	260	163	335
char	144	456	185	511
char	150	220	155	229
char	150	170	172	229
char	164	368	202	409
char	165	274	208	335
char	171	170	212	230
char	171	5	208	49
char	202	366	240	409
char	204	439	240	499
char	207	5	248	65
char	212	185	252	230
char	228	275	266	319
char	240	350	282	409
char	249	455	293	499
char	249	4	284	49
char	252	173	278	229
char	278	187	306	229
char	281	368	319	409
char	284	275	328	319
char	284	8	340	49
char	306	187	363	229
char	310	440	355	499
char	319	350	341	409
char	327	276	367	319
char	341	365	405	409
char	355	6	414	49
char	372	455	416	499
char	375	170	402	245
char	384	276	428	319
char	404	350	439	409
char	405	185	449	245
char	414	4	442	49
char	433	440	479	499
char	442	0	485	50
char	444	274	480	319
char	449	170	482	229
char	478	440	511	499
char	480	260	502	319
char	485	5	511	65
char	490	185	511	246
char	499	277	511	336
char	502	456	511	499
