line	0	0	511	62
line	0	85	511	152
line	0	174	484	241
line	0	265	511	332
line	0	322	14	322
line	0	325	14	326
line	0	355	511	420
line	0	445	511	511
word	0	445	121	511
word	0	355	246	408
word	0	265	143	326
word	0	265	13	270
word	0	174	142	241
word	0	8	53	62
word	11	85	68	152
word	75	0	511	62
word	92	85	274	151
word	149	445	254	511
word	167	265	256	317
word	167	175	444	228
word	269	355	310	407
word	280	445	500	511
word	284	265	392	317
word	295	85	384	137
word	330	355	511	420
word	412	85	494	150
word	418	265	511	332
char	0	454	30	500
char	0	363	13	411
char	0	271	17	322
char	0	183	17	233
char	0	3	15	66
char	1	260	15	274
char	7	80	27	156
char	11	320	16	330
char	11	317	16	326
char	15	363	51	412
char	15	4	55	50
char	17	169	42	230
char	19	273	75	320
char	29	440	47	511
char	31	80	70	143
char	39	185	75	231
char	47	454	87	501
char	53	363	93	411
char	71	3	111	65
char	76	170	87	230
char	79	260	117	321
char	86	440	123	501
char	88	93	128	155
char	92	170	103	230
char	95	350	132	410
char	105	183	144	245
char	111	0	147	50
char	119	273	145	320
char	127	80	139	140
char	133	364	170	412
char	140	80	179	141
char	145	453	183	510
char	151	4	187	51
char	163	260	199	320
char	163	170	191	230
char	170	363	210	411
char	182	93	222	154
char	187	453	225	510
char	189	184	244	230
char	191	3	229	64
char	200	260	227	320
char	210	363	248	411
char	221	94	276	138
char	223	274	258	321
char	227	440	239	500
char	231	0	269	51
char	241	94	246	103
char	242	274	249	283
char	243	440	256	500
char	248	183	283	230
char	265	350	312	411
char	269	3	308	65
char	276	453	316	500
char	280	260	316	320
char	288	183	313	230
char	291	93	348	140
char	309	3	346	52
char	311	183	350	232
char	315	440	363	511
char	318	274	356	321
char	326	363	367	411
char	348	80	386	141
char	348	0	360	50
char	352	170	365	230
char	356	274	394	321
char	364	3	420	50
char	365	453	402	501
char	366	183	406	232
char	369	350	381	410
char	385	363	423	424
char	404	452	442	510
char	407	184	446	232
char	408	80	420	140
char	414	273	453	335
char	420	80	447	140
char	421	3	462	51
char	422	350	446	411
char	442	441	464	501
char	443	94	480	154
char	445	364	483	411
char	453	273	492	336
char	464	455	502	501
char	464	0	499	50
char	484	80	496	140
char	485	350	497	410
char	493	260	511	320
char	500	364	511	412
char	501	6	511	66
char	504	4	511	13
