line	0	8	511	71
line	0	94	511	159
line	0	182	511	247
line	0	271	511	336
line	0	358	177	408
line	0	446	511	511
word	0	358	177	408
word	0	271	511	336
word	0	196	26	232
word	0	94	166	159
word	0	8	182	71
word	18	446	422	511
word	44	182	111	247
word	134	182	257	232
word	190	95	511	144
word	202	20	490	71
word	280	183	417	247
word	440	196	478	247
word	447	460	511	497
word	500	197	511	231
word	512	51	511	54
char	0	368	17	411
char	0	280	31	324
char	0	191	28	236
char	0	105	5	147
char	0	17	12	60
char	4	90	43	149
char	13	15	47	60
char	14	455	49	499
char	18	368	51	412
char	31	266	74	323
char	40	177	67	251
char	42	89	67	163
char	46	16	84	75
char	49	441	77	499
char	50	371	105	412
char	70	178	113	235
char	70	104	105	147
char	73	281	113	339
char	74	442	113	500
char	84	16	120	60
char	104	103	139	148
char	105	354	147	411
char	112	282	151	340
char	114	442	133	499
char	120	3	147	61
char	130	192	172	236
char	132	441	156	511
char	140	103	168	148
char	146	17	184	75
char	147	353	179	411
char	151	266	192	323
char	160	455	197	500
char	172	177	194	235
char	186	90	231	147
char	192	268	218	324
char	194	180	220	236
char	197	455	231	500
char	198	17	257	60
char	218	266	259	321
char	218	178	259	236
char	228	107	284	148
char	232	456	267	500
char	257	16	297	58
char	259	266	301	323
char	267	441	309	500
char	276	192	316	236
char	283	91	310	148
char	297	16	339	75
char	300	281	341	339
char	307	107	363	148
char	309	458	348	511
char	316	178	337	235
char	336	193	377	251
char	338	18	376	58
char	341	267	367	322
char	348	455	385	511
char	363	103	398	148
char	367	281	408	339
char	376	16	417	75
char	377	191	419	251
char	384	442	424	499
char	399	104	433	147
char	408	280	470	323
char	417	15	459	75
char	432	105	469	147
char	436	191	480	251
char	443	455	480	500
char	443	105	448	114
char	448	105	453	114
char	459	16	492	60
char	470	266	511	323
char	470	103	511	147
char	481	455	511	501
char	496	192	511	235
char	508	46	511	58
