line	0	0	511	61
line	0	85	511	151
line	0	175	511	241
line	0	265	511	332
line	0	355	511	421
line	0	445	511	511
word	0	445	163	511
word	0	355	511	421
word	0	265	339	332
word	0	175	126	226
word	0	100	58	151
word	0	0	511	61
word	82	99	119	151
word	144	175	356	226
word	145	85	288	135
word	187	459	265	511
word	288	445	511	496
word	310	85	511	135
word	363	265	511	316
word	377	175	455	241
word	478	189	511	225
char	0	455	7	499
char	0	363	19	409
char	0	274	19	335
char	0	185	32	230
char	0	95	19	155
char	0	4	10	50
char	5	455	43	500
char	10	6	48	48
char	18	365	83	409
char	18	95	60	155
char	19	274	56	319
char	31	186	70	230
char	43	440	86	499
char	49	5	112	49
char	56	277	96	336
char	70	171	96	229
char	78	94	121	155
char	82	365	120	410
char	83	40	89	49
char	86	458	124	499
char	87	40	93	49
char	96	260	138	318
char	96	170	128	227
char	97	220	102	229
char	112	5	150	50
char	120	365	162	409
char	123	455	165	511
char	139	276	176	319
char	140	185	178	230
char	141	95	176	139
char	150	0	192	49
char	157	40	162	49
char	163	365	205	409
char	175	80	216	139
char	176	275	213	319
char	179	185	242	229
char	183	454	228	511
char	192	5	235	65
char	206	365	239	410
char	213	275	256	319
char	217	95	252	139
char	227	458	267	498
char	235	5	277	65
char	236	310	241	319
char	239	367	295	409
char	241	170	264	229
char	246	310	252	319
char	253	95	290	139
char	256	275	298	319
char	263	170	305	229
char	277	5	306	49
char	280	170	285	179
char	284	454	324	500
char	294	365	333	425
char	298	275	341	319
char	305	172	332	230
char	305	0	349	50
char	306	96	347	139
char	324	455	357	499
char	331	171	358	229
char	333	366	374	409
char	347	80	391	139
char	348	0	391	49
char	356	440	398	500
char	359	260	403	319
char	373	170	416	230
char	374	350	443	409
char	389	95	453	139
char	391	5	428	50
char	398	457	441	499
char	403	262	429	319
char	408	350	419	359
char	417	184	457	245
char	427	260	468	319
char	429	5	492	49
char	441	455	476	499
char	443	350	511	409
char	453	80	497	139
char	469	260	511	320
char	474	184	504	229
char	476	458	511	497
char	491	8	511	50
char	495	80	511	139
char	504	184	511	229
