line	0	1	511	66
line	0	89	511	155
line	0	178	511	245
line	0	236	18	236
line	0	238	19	243
line	0	267	511	333
line	0	356	511	423
line	0	445	511	511
word	0	445	58	511
word	0	356	218	423
word	0	267	283	332
word	0	178	511	245
word	0	89	45	142
word	0	0	101	52
word	64	90	146	141
word	87	459	188	497
word	126	0	263	52
word	173	103	209	155
word	217	446	338	497
word	238	90	507	155
word	240	369	274	407
word	293	0	344	52
word	299	267	511	333
word	304	356	358	407
word	367	446	511	497
word	372	0	446	53
word	378	356	511	408
word	473	12	511	66
char	0	440	16	511
char	0	363	20	411
char	0	186	22	235
char	0	96	18	146
char	1	1	42	56
char	2	235	7	246
char	3	263	40	322
char	4	233	21	247
char	15	231	20	240
char	17	84	47	144
char	20	455	60	501
char	21	173	51	231
char	22	364	64	427
char	39	276	77	323
char	42	9	103	55
char	45	188	86	233
char	53	46	60	55
char	59	46	64	55
char	60	85	88	145
char	65	365	109	413
char	79	275	121	336
char	83	454	112	500
char	87	187	147	233
char	88	97	127	144
char	109	352	151	412
char	110	454	148	501
char	120	262	172	322
char	122	9	162	55
char	131	85	148	144
char	148	187	191	235
char	150	454	190	500
char	151	364	191	412
char	161	9	205	55
char	169	276	211	323
char	169	98	211	159
char	191	351	220	410
char	191	188	232	233
char	205	1	247	56
char	212	263	255	323
char	213	441	255	501
char	231	187	272	248
char	234	97	264	144
char	236	364	276	411
char	249	1	265	55
char	255	453	298	501
char	256	275	285	322
char	264	97	292	144
char	274	186	316	248
char	289	1	304	55
char	290	85	306	144
char	295	263	319	337
char	298	441	340	501
char	300	351	316	411
char	306	9	346	56
char	308	96	348	145
char	315	188	357	235
char	319	352	360	411
char	319	277	362	322
char	319	236	324	245
char	348	97	390	159
char	357	174	383	234
char	363	451	392	501
char	363	263	402	322
char	368	1	407	56
char	374	365	418	412
char	382	187	420	235
char	389	98	432	145
char	391	441	432	501
char	402	262	432	322
char	408	7	448	57
char	417	351	458	412
char	418	187	461	249
char	431	275	458	322
char	432	453	473	501
char	433	85	484	145
char	456	102	461	111
char	458	263	496	322
char	460	188	511	234
char	461	352	501	411
char	469	7	511	70
char	472	454	510	501
char	484	85	504	144
char	499	275	511	323
char	500	366	511	412
