line	0	0	511	67
line	0	90	511	155
line	0	179	511	244
line	0	266	511	333
line	0	357	511	422
line	0	446	511	511
word	0	446	137	511
word	0	357	511	422
word	0	268	34	320
word	0	179	159	244
word	0	90	227	141
word	0	0	199	67
word	60	281	262	333
word	165	459	194	496
word	180	179	352	231
word	221	0	239	53
word	224	459	294	496
word	254	90	363	155
word	260	0	330	53
word	284	266	306	318
word	319	446	488	511
word	327	268	511	333
word	351	0	511	66
word	377	192	432	244
word	387	90	498	141
word	455	192	487	232
char	0	454	14	501
char	0	364	34	411
char	0	187	34	233
char	0	98	34	144
char	0	0	7	57
char	1	263	36	324
char	2	53	5	64
char	8	9	47	71
char	13	456	44	500
char	34	174	46	233
char	36	365	74	426
char	38	85	75	144
char	43	441	62	511
char	50	174	88	235
char	50	9	88	70
char	56	276	96	323
char	62	454	102	511
char	74	85	110	145
char	78	366	113	412
char	87	189	124	233
char	88	9	127	57
char	96	278	133	337
char	101	454	139	501
char	112	98	151	145
char	117	352	153	412
char	123	187	161	248
char	127	12	164	53
char	133	276	167	323
char	143	46	148	55
char	152	98	191	145
char	153	366	208	411
char	157	10	164	19
char	161	454	196	500
char	163	9	201	55
char	167	279	205	320
char	176	174	234	235
char	191	85	229	145
char	205	276	229	323
char	208	364	244	412
char	217	1	241	57
char	220	454	255	500
char	229	276	264	323
char	233	188	271	233
char	246	365	286	413
char	250	98	289	159
char	256	455	296	500
char	256	1	316	57
char	271	174	283	233
char	280	261	308	322
char	286	353	308	412
char	287	174	299	233
char	289	99	328	144
char	298	187	354	233
char	306	367	343	412
char	315	441	327	500
char	320	1	332	55
char	323	276	349	322
char	328	454	367	511
char	328	85	365	144
char	342	352	379	413
char	345	276	382	336
char	347	0	368	70
char	367	454	402	501
char	367	0	394	56
char	373	187	434	248
char	380	263	398	337
char	381	365	418	413
char	383	98	422	144
char	392	10	429	70
char	393	10	398	19
char	396	263	415	337
char	401	457	438	511
char	418	365	453	412
char	419	276	455	322
char	421	86	443	145
char	429	9	467	70
char	438	454	475	501
char	441	86	463	145
char	451	187	489	236
char	454	364	477	411
char	459	263	471	322
char	463	85	500	145
char	471	276	511	337
char	471	1	507	55
char	476	366	511	426
char	477	441	490	500
char	504	277	509	286
char	506	9	511	56
char	507	276	510	285
char	507	272	511	283
char	507	270	511	279
char	507	266	510	275
