line	0	0	511	66
line	0	89	511	155
line	0	178	511	245
line	0	267	511	333
line	0	357	511	415
line	506	417	511	417
line	0	446	184	511
word	0	446	184	511
word	0	371	48	409
word	0	267	167	332
word	0	191	14	241
word	0	90	127	155
word	0	0	291	66
word	40	178	511	245
word	78	370	108	409
word	138	357	511	417
word	154	90	340	141
word	195	268	511	333
word	319	0	384	66
word	362	89	511	155
word	411	0	486	53
char	0	454	36	501
char	0	366	13	412
char	0	274	34	323
char	0	186	16	235
char	0	98	14	159
char	0	9	29	56
char	9	236	14	245
char	9	231	15	240
char	10	233	15	242
char	14	366	50	413
char	14	98	51	145
char	28	9	66	55
char	36	276	74	336
char	36	187	76	236
char	37	453	74	511
char	51	85	90	146
char	65	1	101	57
char	74	365	110	413
char	76	190	113	249
char	78	441	90	500
char	78	262	90	322
char	91	263	129	324
char	93	85	129	144
char	94	441	106	500
char	103	9	141	57
char	110	441	122	500
char	113	187	150	249
char	124	454	163	501
char	131	263	169	324
char	134	352	145	411
char	141	9	176	55
char	150	352	186	412
char	150	187	189	249
char	150	86	173	145
char	163	442	186	501
char	172	85	209	145
char	174	1	192	70
char	176	4	181	13
char	185	352	221	412
char	191	263	229	324
char	193	174	204	233
char	196	9	252	55
char	206	186	245	248
char	213	99	248	145
char	223	365	263	413
char	233	276	268	322
char	246	174	284	235
char	252	99	288	145
char	254	9	293	57
char	265	365	300	411
char	269	277	308	337
char	288	186	326	247
char	292	98	318	144
char	302	352	340	413
char	308	276	342	323
char	315	1	351	55
char	318	98	342	144
char	326	190	363	232
char	344	366	380	413
char	344	263	379	322
char	351	0	386	70
char	357	188	363	197
char	358	98	397	145
char	364	174	375	233
char	375	173	450	233
char	383	263	395	322
char	384	352	422	413
char	399	275	434	323
char	400	85	447	159
char	407	1	446	57
char	422	365	461	413
char	439	263	450	322
char	448	9	488	57
char	449	84	487	146
char	450	186	488	235
char	452	276	492	323
char	464	352	501	413
char	490	186	511	234
char	491	98	511	146
char	494	263	507	322
char	501	366	511	419
char	502	412	509	421
char	507	277	511	292
char	507	271	511	280
