line	0	0	511	66
line	0	89	511	155
line	0	178	393	244
line	0	267	511	333
line	0	356	511	423
line	0	445	511	511
line	512	510	511	510
word	0	492	0	492
word	0	463	1	481
word	0	370	4	407
word	0	267	392	333
word	0	195	48	229
word	0	89	511	155
word	0	43	1	44
word	0	18	1	33
word	23	446	82	496
word	23	0	511	66
word	27	356	110	423
word	72	178	197	244
word	100	445	122	511
word	134	356	511	423
word	149	446	218	497
word	165	242	165	242
word	225	192	248	229
word	243	445	511	496
word	272	179	393	229
word	413	282	511	333
word	512	510	511	511
char	0	487	2	496
char	0	458	3	485
char	0	365	6	411
char	0	263	17	321
char	0	190	50	233
char	0	87	21	145
char	0	38	3	48
char	0	13	3	37
char	15	263	38	321
char	19	457	61	500
char	19	9	54	56
char	21	85	64	142
char	23	365	62	427
char	38	277	74	323
char	42	190	49	199
char	53	9	92	70
char	61	441	84	499
char	62	351	84	408
char	62	101	103	159
char	68	188	97	234
char	74	277	111	323
char	83	366	112	411
char	91	0	116	70
char	96	440	124	511
char	97	190	153	234
char	103	85	147	144
char	111	263	135	322
char	119	9	155	55
char	130	367	172	411
char	133	281	172	337
char	145	455	180	499
char	146	85	188	145
char	153	176	175	234
char	154	1	196	54
char	161	237	166	246
char	172	352	213	411
char	172	277	204	320
char	174	173	199	248
char	179	441	220	501
char	189	84	220	143
char	196	10	230	55
char	204	281	242	322
char	213	366	256	410
char	214	100	256	159
char	221	187	250	233
char	228	14	268	70
char	239	440	272	499
char	241	279	298	323
char	254	102	310	144
char	257	366	287	411
char	267	456	329	499
char	268	174	310	233
char	268	1	309	53
char	286	351	311	427
char	298	277	331	321
char	309	14	347	54
char	310	84	332	143
char	311	190	353	233
char	312	367	353	411
char	319	134	325	143
char	329	441	370	499
char	331	277	371	321
char	331	85	373	145
char	332	312	340	321
char	346	12	384	54
char	353	365	386	411
char	353	190	395	233
char	354	312	360	321
char	370	441	413	500
char	372	262	394	321
char	373	84	416	144
char	385	12	424	55
char	387	365	419	411
char	409	277	452	337
char	413	455	440	500
char	416	100	453	144
char	418	369	458	412
char	424	9	466	70
char	441	443	467	500
char	453	277	495	321
char	453	85	494	141
char	454	134	459	143
char	458	351	498	411
char	466	441	507	500
char	466	12	505	52
char	468	441	473	450
char	477	12	482	21
char	487	134	492	143
char	494	98	511	145
char	496	277	511	321
char	498	351	511	408
char	505	9	511	55
char	507	451	511	494
char	508	505	511	510
char	508	489	511	498
