line	0	0	511	61
line	0	85	511	151
line	0	175	511	241
line	0	265	511	331
line	0	322	14	323
line	0	325	14	326
line	0	330	14	330
line	0	355	511	421
line	0	445	511	511
line	0	447	14	448
line	0	450	14	451
word	0	445	509	511
word	0	370	28	405
word	0	265	221	330
word	0	175	284	241
word	0	85	93	151
word	0	0	393	61
word	12	447	14	451
word	49	355	221	406
word	121	85	224	135
word	242	355	400	421
word	243	265	362	315
word	246	85	511	135
word	306	175	511	241
word	384	265	444	331
word	422	0	496	45
word	423	355	511	421
word	472	265	511	315
char	0	453	19	499
char	0	365	30	409
char	0	274	17	321
char	0	185	16	245
char	0	95	32	139
char	0	4	11	50
char	8	442	16	452
char	9	325	16	334
char	10	445	16	455
char	10	320	16	330
char	11	317	16	327
char	11	0	53	50
char	15	186	56	229
char	18	455	53	500
char	18	274	53	319
char	32	95	70	139
char	45	366	105	410
char	53	457	94	499
char	53	275	86	319
char	53	5	87	49
char	57	185	96	245
char	70	80	95	155
char	86	278	125	319
char	86	8	124	49
char	95	455	129	500
char	96	185	130	229
char	97	220	102	229
char	103	350	144	409
char	117	95	161	139
char	124	0	147	47
char	126	274	158	320
char	129	440	173	498
char	130	185	163	229
char	144	0	167	49
char	145	364	184	410
char	159	260	191	317
char	160	95	203	139
char	162	170	186	229
char	163	490	168	499
char	165	0	189	50
char	171	440	212	500
char	182	188	222	229
char	183	278	223	319
char	185	367	223	409
char	188	6	226	65
char	202	80	226	139
char	212	458	253	511
char	222	173	248	230
char	226	5	267	65
char	238	366	280	425
char	239	274	283	319
char	242	95	286	139
char	247	186	286	245
char	251	456	307	498
char	267	5	332	49
char	275	40	280	49
char	279	350	323	409
char	282	260	324	319
char	285	80	309	139
char	302	170	349	229
char	306	80	348	139
char	307	440	329	499
char	313	490	318	499
char	321	368	360	425
char	324	277	364	319
char	329	455	357	499
char	331	0	371	49
char	346	188	385	230
char	348	310	353	319
char	348	94	413	139
char	357	456	396	499
char	359	350	402	409
char	369	0	395	65
char	380	260	422	319
char	385	170	427	229
char	389	220	398	229
char	396	440	422	511
char	412	80	455	139
char	418	0	461	49
char	419	365	462	425
char	421	260	446	335
char	423	440	449	499
char	426	185	468	245
char	447	458	482	500
char	455	80	496	139
char	462	350	505	410
char	462	5	498	49
char	468	260	511	319
char	468	185	510	245
char	481	440	506	511
char	496	80	511	139
char	503	365	511	408
