line	0	0	511	67
line	0	90	511	155
line	0	178	511	245
line	0	267	511	319
line	0	356	511	423
line	0	445	267	496
word	0	445	267	496
word	0	371	71	423
word	0	268	72	318
word	0	178	121	245
word	0	90	239	155
word	0	0	17	51
word	35	0	56	67
word	83	0	112	51
word	93	268	111	317
word	95	356	193	422
word	128	0	367	66
word	133	267	152	317
word	142	178	511	245
word	173	267	477	319
word	215	356	511	422
word	262	90	511	141
word	390	17	426	51
word	451	14	511	51
word	500	284	511	318
char	0	441	19	500
char	0	366	33	427
char	0	264	20	321
char	0	173	35	249
char	0	99	29	144
char	0	0	19	55
char	18	459	74	500
char	20	277	51	322
char	29	99	63	142
char	31	0	58	71
char	33	366	73	427
char	38	174	81	233
char	51	263	74	320
char	51	263	63	272
char	62	85	106	143
char	64	134	71	143
char	74	455	107	500
char	79	0	114	55
char	81	174	123	233
char	89	263	113	321
char	91	351	115	411
char	104	100	138	143
char	107	440	160	500
char	114	367	155	426
char	124	10	159	55
char	129	262	154	321
char	138	190	180	249
char	138	99	175	159
char	155	365	195	426
char	158	1	199	55
char	160	455	197	500
char	169	262	193	321
char	175	99	213	159
char	180	188	208	233
char	192	266	219	322
char	197	455	232	500
char	200	9	242	70
char	208	190	264	234
char	209	190	214	199
char	211	367	252	426
char	212	190	217	199
char	213	99	241	144
char	218	263	259	321
char	219	263	229	272
char	232	455	269	500
char	242	10	284	54
char	251	366	279	410
char	258	85	301	144
char	259	262	287	321
char	264	187	305	249
char	279	365	316	412
char	284	1	326	56
char	285	265	327	321
char	285	263	293	272
char	298	263	303	272
char	301	98	339	145
char	303	263	308	272
char	306	187	368	232
char	317	351	350	410
char	325	263	348	321
char	325	0	348	52
char	339	86	366	144
char	343	368	379	411
char	347	0	369	54
char	348	277	410	321
char	365	88	392	144
char	368	190	423	233
char	379	352	402	408
char	386	12	428	55
char	391	99	453	143
char	396	190	401	199
char	401	352	423	410
char	404	190	409	199
char	411	277	444	321
char	422	367	460	426
char	423	224	430	233
char	423	173	445	232
char	427	99	437	108
char	443	277	479	323
char	445	189	478	233
char	447	9	482	55
char	454	101	495	144
char	460	352	482	408
char	478	173	511	248
char	481	367	511	410
char	482	10	511	55
char	495	100	511	145
char	496	279	511	322
