line	0	6	511	71
line	509	14	511	15
line	0	93	511	160
line	0	182	511	247
line	0	270	511	335
line	0	358	511	423
line	0	460	17	497
word	0	460	17	497
word	0	421	12	422
word	0	358	137	423
word	0	270	105	321
word	0	194	58	246
word	0	95	61	160
word	0	19	55	71
word	80	18	116	70
word	84	93	398	158
word	86	182	511	247
word	129	270	511	335
word	143	19	338	57
word	163	371	481	423
word	365	6	511	71
word	418	94	483	145
word	505	358	511	408
word	506	94	511	144
char	0	455	19	501
char	0	367	19	413
char	0	278	47	324
char	0	189	20	250
char	0	102	20	164
char	0	14	17	61
char	1	416	8	426
char	8	417	14	426
char	17	15	57	75
char	19	354	60	413
char	20	191	60	240
char	23	90	63	148
char	47	265	63	324
char	59	367	99	427
char	65	265	107	325
char	76	13	118	74
char	80	89	121	149
char	82	190	121	237
char	86	367	93	376
char	99	353	139	413
char	123	190	162	239
char	124	103	163	149
char	125	279	168	324
char	139	14	178	61
char	159	366	198	413
char	162	190	201	251
char	167	102	206	149
char	168	277	228	324
char	182	14	221	60
char	198	367	238	411
char	200	177	222	251
char	208	102	250	162
char	220	15	263	60
char	222	177	272	237
char	229	277	271	339
char	238	367	277	427
char	245	198	250	208
char	245	194	250	205
char	249	103	292	149
char	263	15	301	61
char	266	367	271	376
char	270	279	312	324
char	272	178	312	237
char	277	366	336	412
char	292	89	331	148
char	301	15	340	61
char	311	279	352	324
char	313	190	356	237
char	331	90	370	149
char	338	366	379	426
char	352	277	412	324
char	355	191	391	237
char	361	1	400	60
char	370	88	400	148
char	380	366	423	414
char	390	177	412	251
char	399	15	458	60
char	412	277	452	325
char	414	190	457	237
char	414	103	457	149
char	423	367	483	412
char	455	265	470	324
char	456	89	485	146
char	459	177	475	236
char	462	14	501	60
char	471	277	511	325
char	478	190	511	236
char	501	353	511	412
char	502	89	511	148
char	502	12	511	75
char	505	9	510	19
