line	0	0	511	52
line	0	89	511	155
line	0	178	511	245
line	0	267	511	333
line	510	322	511	325
line	503	329	511	329
line	502	332	511	332
line	0	356	511	423
line	0	445	511	511
word	0	460	4	495
word	0	356	38	407
word	0	267	344	333
word	0	178	175	230
word	0	89	511	155
word	0	0	139	51
word	26	462	60	495
word	60	357	266	408
word	81	446	335	511
word	161	0	488	52
word	197	178	354	244
word	288	357	511	423
word	357	445	511	496
word	367	282	511	332
word	377	192	511	245
word	509	14	511	49
char	0	455	6	499
char	0	351	40	411
char	0	277	39	321
char	0	212	2	221
char	0	210	2	219
char	0	192	38	232
char	0	173	9	201
char	0	108	2	135
char	0	10	10	55
char	1	99	43	143
char	10	12	51	55
char	22	457	62	499
char	26	12	36	21
char	33	12	40	21
char	38	277	80	337
char	38	190	94	234
char	43	85	85	143
char	51	9	86	55
char	56	352	102	411
char	77	457	119	511
char	80	262	103	321
char	85	99	148	143
char	86	9	119	55
char	95	189	134	233
char	101	367	141	410
char	103	281	143	323
char	118	0	141	55
char	119	454	146	498
char	135	188	177	232
char	141	369	197	412
char	143	263	184	323
char	146	441	187	500
char	147	85	170	143
char	157	10	187	56
char	169	99	203	143
char	185	276	228	337
char	187	1	228	56
char	188	457	227	498
char	193	174	219	232
char	196	367	235	410
char	197	457	204	466
char	201	457	206	466
char	203	457	209	466
char	203	85	244	143
char	206	457	211	466
char	217	173	239	232
char	227	455	254	500
char	227	281	267	337
char	228	14	268	55
char	235	365	268	412
char	238	174	279	234
char	245	99	279	143
char	255	455	294	511
char	267	279	307	322
char	268	0	309	55
char	270	174	275	183
char	279	192	319	248
char	279	99	316	143
char	284	353	313	411
char	293	441	337	499
char	307	277	346	337
char	309	12	342	55
char	313	368	349	411
char	315	84	341	159
char	319	187	356	233
char	343	101	382	143
char	343	10	379	55
char	349	369	404	412
char	353	455	388	499
char	363	279	405	323
char	373	188	411	234
char	379	9	413	55
char	382	85	404	143
char	388	455	415	500
char	403	99	442	159
char	404	352	444	412
char	405	277	439	323
char	411	187	450	249
char	413	14	450	55
char	415	459	454	500
char	438	281	495	322
char	442	85	483	141
char	445	366	484	427
char	450	12	490	55
char	451	190	491	233
char	453	440	476	497
char	476	455	511	499
char	482	85	505	144
char	484	366	511	408
char	491	187	511	233
char	495	279	511	324
char	498	327	505	336
char	499	324	504	333
char	504	100	511	157
char	505	9	511	53
char	506	317	510	329
