line	0	0	511	62
line	0	85	511	151
line	0	175	511	241
line	0	265	511	317
line	0	355	511	421
line	0	445	511	511
line	0	447	12	447
line	0	452	15	452
word	0	447	59	497
word	0	355	6	405
word	0	265	183	317
word	0	175	40	228
word	0	85	94	151
word	0	0	138	61
word	26	355	47	407
word	69	175	205	228
word	72	355	511	421
word	89	445	334	511
word	124	85	511	151
word	164	7	511	62
word	210	265	280	317
word	229	175	431	241
word	310	265	493	317
word	362	457	385	496
word	408	445	511	511
word	461	175	511	228
char	0	451	18	501
char	0	350	8	409
char	0	271	41	320
char	0	100	2	113
char	0	93	38	141
char	0	0	17	65
char	1	170	42	232
char	8	442	14	451
char	12	447	17	456
char	21	453	61	501
char	21	0	61	50
char	22	350	49	411
char	39	92	75	141
char	41	274	103	320
char	60	0	100	50
char	65	170	105	231
char	68	362	111	411
char	74	80	96	155
char	85	452	127	510
char	99	5	140	50
char	103	260	143	320
char	106	183	146	232
char	113	362	174	410
char	120	91	162	154
char	130	440	145	500
char	144	272	185	321
char	146	185	207	229
char	149	452	210	500
char	160	3	189	50
char	164	80	204	140
char	175	363	218	425
char	189	3	217	50
char	204	93	246	155
char	206	260	222	320
char	210	454	253	500
char	217	364	259	425
char	217	2	258	64
char	224	272	265	321
char	225	183	286	230
char	246	93	286	141
char	254	454	293	501
char	258	364	319	410
char	259	3	320	50
char	266	260	282	320
char	286	93	326	141
char	290	182	332	244
char	295	452	336	501
char	306	273	334	320
char	319	350	358	410
char	319	4	362	66
char	324	81	351	141
char	334	272	375	321
char	334	170	374	230
char	349	81	375	141
char	358	452	387	500
char	363	350	378	410
char	363	2	402	50
char	374	183	412	231
char	375	260	404	320
char	375	94	416	141
char	380	360	425	411
char	402	273	461	320
char	403	3	444	52
char	404	453	446	511
char	411	170	433	245
char	417	92	460	142
char	426	364	466	411
char	445	2	487	65
char	447	440	474	501
char	457	170	473	230
char	462	80	502	140
char	465	272	495	320
char	468	362	509	411
char	474	453	511	500
char	475	183	511	232
char	487	3	511	51
char	504	92	511	144
