line	0	0	511	67
line	0	89	511	155
line	0	178	511	245
line	0	268	511	333
line	0	356	54	419
line	0	446	511	511
word	0	458	264	511
word	0	356	54	419
word	0	268	215	333
word	0	179	179	245
word	0	89	219	155
word	0	0	367	67
word	206	179	391	231
word	237	89	511	155
word	242	281	274	332
word	292	446	492	497
word	295	268	309	333
word	335	269	511	320
word	395	0	449	53
word	416	178	465	245
word	472	14	511	53
word	494	179	511	231
char	0	453	14	500
char	0	364	16	422
char	0	276	31	322
char	0	174	19	235
char	0	95	16	145
char	0	7	14	55
char	2	412	10	423
char	2	411	4	421
char	3	88	14	101
char	3	1	13	14
char	6	86	14	95
char	13	10	50	71
char	14	454	50	510
char	18	351	56	413
char	18	174	54	235
char	18	84	31	144
char	19	10	24	19
char	30	263	77	337
char	34	85	72	145
char	50	1	86	55
char	52	454	90	503
char	56	186	94	247
char	74	85	110	144
char	80	263	117	324
char	86	1	122	55
char	89	454	127	501
char	94	188	132	234
char	108	100	145	159
char	119	276	157	337
char	120	9	157	71
char	126	9	131	18
char	127	454	165	510
char	128	9	135	18
char	132	187	169	249
char	145	98	183	145
char	161	276	217	322
char	161	1	196	55
char	165	455	205	511
char	169	174	181	234
char	183	98	221	145
char	195	0	220	55
char	202	186	238	235
char	205	454	229	500
char	214	12	252	55
char	228	454	266	501
char	233	85	252	159
char	238	276	276	336
char	240	188	276	235
char	252	9	290	57
char	256	98	295	159
char	278	186	317	235
char	288	441	323	500
char	290	9	330	57
char	291	263	311	337
char	296	98	321	144
char	317	188	355	233
char	320	85	356	145
char	325	454	365	501
char	331	276	371	322
char	331	9	369	70
char	355	174	393	235
char	356	97	394	144
char	365	453	401	501
char	371	276	395	322
char	391	10	427	57
char	393	99	445	144
char	394	276	432	323
char	403	441	415	500
char	412	186	450	249
char	419	454	454	501
char	427	1	451	57
char	432	276	472	324
char	444	99	482	144
char	454	173	467	233
char	459	454	494	500
char	468	9	508	57
char	472	264	495	323
char	481	84	511	146
char	490	174	511	235
char	494	276	511	322
char	495	264	507	280
char	504	265	510	274
char	508	44	511	55
char	508	41	511	51
char	508	37	511	48
char	508	29	511	39
char	508	25	511	35
char	508	22	511	31
char	508	12	511	21
char	508	10	511	19
