line	0	6	511	71
line	0	94	511	159
line	0	181	511	247
line	0	271	511	335
line	0	358	511	423
line	0	446	511	511
word	0	446	381	511
word	0	358	208	422
word	0	271	83	335
word	0	183	32	246
word	0	94	200	145
word	0	6	211	71
word	4	362	8	362
word	53	181	149	233
word	107	284	137	321
word	157	271	172	335
word	166	196	200	247
word	202	271	366	321
word	221	181	379	247
word	226	107	436	159
word	234	358	303	408
word	237	20	270	71
word	288	7	434	71
word	328	359	511	423
word	391	271	511	321
word	400	182	509	233
word	404	460	511	511
word	460	94	482	144
word	462	7	510	57
word	501	107	511	159
char	0	442	14	501
char	0	367	15	426
char	0	280	12	327
char	0	191	15	250
char	0	15	29	61
char	1	90	10	148
char	5	357	10	366
char	10	89	49	149
char	11	280	49	339
char	12	178	34	237
char	18	455	53	501
char	18	353	53	412
char	29	14	83	60
char	49	266	85	324
char	49	192	88	236
char	51	103	91	149
char	55	454	93	501
char	55	366	95	414
char	82	2	99	75
char	88	190	125	237
char	92	455	126	501
char	92	90	104	148
char	96	353	133	413
char	103	279	139	325
char	103	1	141	61
char	106	103	145	149
char	125	176	151	236
char	126	454	161	501
char	134	367	173	413
char	141	15	178	61
char	145	89	170	146
char	153	266	174	339
char	162	191	202	251
char	164	442	199	500
char	169	106	202	149
char	173	367	210	413
char	178	15	213	61
char	198	266	233	324
char	199	455	236	510
char	217	192	255	236
char	222	103	261	163
char	230	353	266	412
char	233	15	272	75
char	237	279	292	324
char	238	442	273	500
char	255	191	291	251
char	260	102	297	163
char	269	354	305	412
char	273	455	309	511
char	284	2	304	75
char	289	192	324	234
char	292	279	331	324
char	300	103	326	148
char	307	15	363	60
char	312	442	325	500
char	323	176	349	236
char	324	441	383	500
char	324	354	336	412
char	326	102	379	148
char	331	266	368	325
char	340	366	377	426
char	346	192	381	237
char	362	15	401	60
char	380	354	391	412
char	382	102	438	148
char	387	279	427	325
char	393	366	430	427
char	396	177	458	236
char	400	455	438	511
char	401	15	436	61
char	427	279	464	325
char	431	367	468	413
char	438	456	477	511
char	454	193	492	237
char	456	89	484	148
char	458	15	496	61
char	465	266	501	324
char	468	368	503	410
char	477	455	511	500
char	494	177	506	236
char	496	2	507	60
char	497	102	511	163
char	500	278	511	324
char	503	367	511	412
