line	0	6	511	71
line	0	94	310	159
line	0	183	511	247
line	0	270	511	335
line	511	325	511	330
line	511	332	511	334
line	0	358	511	423
line	0	446	511	511
word	0	359	245	422
word	0	283	145	320
word	0	183	208	246
word	0	94	310	159
word	0	6	52	56
word	16	446	380	511
word	72	7	192	71
word	172	270	278	335
word	213	6	227	71
word	233	183	436	247
word	254	7	511	71
word	271	358	511	423
word	306	271	511	335
word	406	457	511	511
word	462	183	511	233
char	0	367	33	412
char	0	279	53	324
char	0	191	34	237
char	0	103	14	149
char	0	15	14	60
char	12	455	49	504
char	15	102	51	149
char	18	1	54	60
char	31	178	69	237
char	37	367	73	413
char	48	455	85	511
char	52	102	89	162
char	53	279	108	324
char	68	15	124	60
char	73	188	98	236
char	74	367	112	412
char	82	181	91	191
char	86	454	124	511
char	88	179	97	194
char	89	90	112	150
char	97	178	132	236
char	110	105	147	163
char	111	278	147	324
char	112	367	136	412
char	124	14	177	60
char	128	442	139	500
char	135	367	171	426
char	135	190	173	250
char	141	441	179	501
char	146	103	180	149
char	168	278	206	339
char	172	354	210	418
char	173	193	210	234
char	176	2	194	75
char	181	455	220	501
char	182	90	194	148
char	198	89	234	148
char	203	227	208	236
char	205	265	232	324
char	209	1	229	75
char	211	367	247	413
char	220	458	257	511
char	229	190	265	236
char	230	268	264	324
char	234	90	263	148
char	250	2	288	61
char	257	442	294	500
char	260	90	281	163
char	265	178	289	237
char	267	366	306	413
char	268	266	280	324
char	284	90	296	148
char	289	178	324	236
char	290	15	327	62
char	293	442	304	500
char	294	90	312	163
char	302	279	341	325
char	306	455	344	511
char	308	354	320	412
char	322	366	361	414
char	326	15	363	75
char	328	178	364	236
char	343	279	397	324
char	344	455	382	500
char	363	14	400	64
char	364	354	399	412
char	364	190	398	236
char	395	266	413	339
char	399	353	434	412
char	400	190	438	251
char	402	455	437	501
char	402	2	414	60
char	415	279	453	325
char	418	2	453	60
char	438	367	475	426
char	440	454	496	500
char	453	280	488	325
char	453	15	492	60
char	458	178	481	237
char	475	369	510	427
char	481	191	511	237
char	490	15	511	60
char	492	266	504	324
char	497	452	511	511
char	506	279	511	327
char	507	327	510	338
char	507	320	511	334
