line	0	0	511	67
line	0	89	511	155
line	0	178	511	245
line	503	265	511	265
line	0	267	511	334
line	0	356	511	423
line	0	445	511	511
word	0	461	69	496
word	0	362	239	423
word	0	284	47	334
word	0	178	65	230
word	0	89	228	155
word	0	0	174	67
word	67	267	156	320
word	83	195	120	245
word	90	445	416	511
word	133	178	196	244
word	179	273	225	319
word	195	0	263	52
word	216	178	454	230
word	246	271	382	319
word	249	89	495	155
word	259	356	331	408
word	280	0	300	67
word	327	0	444	67
word	350	356	480	408
word	407	284	469	319
word	436	462	471	496
word	466	17	511	50
word	473	196	511	245
word	490	265	511	318
word	500	372	511	407
word	508	110	511	141
char	0	456	13	500
char	0	368	14	427
char	0	279	14	326
char	0	190	28	234
char	0	101	47	145
char	0	14	13	69
char	10	369	49	410
char	12	457	44	500
char	12	279	49	338
char	12	12	50	70
char	19	369	24	378
char	21	369	28	378
char	27	173	67	232
char	43	457	71	497
char	47	84	80	143
char	48	0	87	71
char	49	368	81	412
char	52	58	61	70
char	54	45	60	54
char	63	279	119	324
char	69	104	124	145
char	79	190	122	249
char	81	368	113	411
char	86	456	119	501
char	88	12	122	56
char	113	367	145	411
char	119	262	158	319
char	120	457	145	500
char	121	15	176	55
char	124	100	155	145
char	129	173	155	248
char	144	440	168	511
char	145	357	169	411
char	154	84	194	143
char	158	173	198	234
char	165	371	202	412
char	171	457	205	500
char	175	279	202	322
char	191	0	231	56
char	192	103	230	159
char	202	367	241	409
char	202	268	227	323
char	204	459	258	500
char	212	188	271	232
char	230	13	265	55
char	242	279	276	322
char	245	84	285	143
char	255	369	295	412
char	258	457	290	500
char	268	190	329	232
char	274	266	297	322
char	276	0	302	71
char	283	101	334	143
char	289	460	344	500
char	293	281	331	319
char	294	351	333	410
char	323	11	356	56
char	326	173	365	233
char	331	279	358	321
char	332	101	389	143
char	343	457	381	511
char	346	351	386	412
char	356	12	394	71
char	358	279	384	323
char	364	189	397	234
char	377	440	418	497
char	385	370	424	412
char	388	101	427	159
char	394	12	426	55
char	397	190	456	231
char	403	279	431	323
char	423	367	482	409
char	425	0	446	52
char	427	104	465	144
char	431	281	471	323
char	432	457	473	500
char	462	12	511	54
char	465	84	497	143
char	469	191	511	249
char	486	262	511	322
char	496	367	511	411
char	499	260	504	269
char	504	105	511	145
char	505	191	510	200
