line	0	4	511	71
line	0	94	511	159
line	0	182	511	247
line	0	270	511	335
line	0	359	285	423
line	0	446	511	511
word	0	458	179	511
word	0	359	169	423
word	0	284	41	335
word	0	194	18	246
word	0	94	244	159
word	0	6	31	56
word	45	182	411	247
word	46	2	385	71
word	68	270	491	335
word	199	371	285	409
word	206	446	320	497
word	273	94	404	159
word	347	446	511	511
word	411	6	511	70
word	432	182	511	247
word	433	95	511	145
char	0	453	40	511
char	0	366	41	413
char	0	280	4	327
char	0	189	20	250
char	0	89	18	149
char	0	49	2	58
char	0	1	7	56
char	2	279	43	339
char	2	47	4	56
char	3	14	33	60
char	17	89	39	163
char	40	455	139	501
char	41	190	84	237
char	41	89	83	149
char	42	1	66	75
char	43	366	72	412
char	64	265	105	325
char	70	14	109	61
char	72	354	109	412
char	82	89	111	148
char	86	177	102	236
char	102	190	142	237
char	105	279	147	339
char	111	354	171	427
char	111	91	124	148
char	111	14	153	75
char	122	90	144	163
char	139	454	181	511
char	142	190	181	237
char	148	266	162	324
char	148	102	187	149
char	155	14	197	74
char	165	278	206	338
char	183	177	224	237
char	188	102	229	149
char	195	366	224	412
char	197	14	238	75
char	202	441	241	500
char	208	278	268	324
char	223	366	250	412
char	224	190	265	251
char	230	90	246	148
char	238	4	268	60
char	242	454	281	501
char	248	4	253	8
char	249	367	287	413
char	265	15	302	61
char	266	190	308	251
char	269	279	309	326
char	269	103	308	149
char	282	454	322	501
char	304	1	342	60
char	307	103	351	148
char	309	190	352	237
char	310	278	349	324
char	343	455	382	501
char	346	13	387	74
char	351	89	365	148
char	353	266	392	324
char	353	190	413	236
char	363	90	385	163
char	381	454	425	500
char	390	90	406	148
char	393	279	432	325
char	407	14	448	74
char	425	441	466	501
char	428	177	451	251
char	429	102	494	148
char	433	279	475	326
char	451	190	495	236
char	451	13	479	60
char	466	454	505	501
char	471	5	476	14
char	473	3	503	61
char	477	266	493	324
char	492	90	511	149
char	495	187	511	236
char	502	1	511	60
char	504	455	511	511
