line	0	6	511	71
line	0	94	511	159
line	0	183	511	247
line	0	270	511	335
line	0	358	511	423
line	0	449	511	511
word	0	449	379	511
word	0	359	74	407
word	0	270	306	335
word	0	196	169	247
word	0	95	18	143
word	0	6	500	71
word	39	94	374	159
word	93	358	323	423
word	192	196	258	232
word	281	183	511	247
word	328	270	470	335
word	344	358	511	423
word	397	108	467	159
word	402	460	425	496
word	449	460	511	511
word	490	109	511	144
word	494	271	511	319
char	0	456	31	500
char	0	384	2	396
char	0	379	2	391
char	0	374	2	383
char	0	371	2	380
char	0	280	17	323
char	0	193	14	249
char	0	90	20	147
char	0	1	37	59
char	1	354	44	411
char	12	193	51	236
char	17	265	39	323
char	30	444	56	500
char	35	103	74	163
char	36	2	58	60
char	39	281	72	324
char	43	368	76	411
char	51	193	91	236
char	56	457	89	500
char	57	17	95	75
char	72	280	107	324
char	74	105	114	147
char	88	459	125	497
char	89	368	131	412
char	91	193	131	251
char	96	16	131	60
char	108	280	137	324
char	115	90	156	147
char	126	456	159	499
char	131	354	172	412
char	131	191	171	251
char	131	15	171	75
char	137	283	174	321
char	156	104	218	147
char	158	455	186	500
char	172	353	196	409
char	172	15	206	60
char	174	279	215	339
char	186	456	227	511
char	187	455	192	464
char	188	191	225	236
char	193	353	217	427
char	207	16	243	60
char	215	267	242	324
char	218	90	241	147
char	220	368	284	411
char	226	191	260	236
char	227	458	265	498
char	240	105	281	163
char	241	281	283	339
char	243	18	297	60
char	265	457	302	499
char	277	191	320	251
char	279	457	285	466
char	281	267	308	323
char	281	104	314	148
char	284	354	325	412
char	296	17	352	60
char	303	456	338	501
char	314	89	335	145
char	320	178	361	235
char	324	279	363	339
char	335	90	376	147
char	336	90	343	99
char	338	455	381	511
char	340	369	381	412
char	353	15	379	60
char	361	192	395	235
char	363	265	384	321
char	380	369	419	427
char	380	15	421	59
char	383	267	405	323
char	384	314	391	323
char	393	103	435	163
char	395	192	428	235
char	398	455	427	500
char	404	280	438	323
char	419	367	452	409
char	421	2	463	60
char	428	191	460	235
char	435	103	469	148
char	437	280	472	325
char	445	455	489	511
char	452	368	492	411
char	458	193	499	251
char	463	19	502	60
char	474	193	479	202
char	478	193	483	202
char	486	104	511	148
char	487	458	511	500
char	490	266	511	323
char	492	353	511	411
char	496	193	511	236
