line	0	0	511	61
line	0	84	511	151
line	0	175	511	242
line	0	265	511	330
line	0	322	15	327
line	0	329	14	330
line	0	355	511	421
line	0	445	511	511
line	507	505	511	505
line	507	508	511	509
word	0	445	85	511
word	0	355	90	407
word	0	265	250	330
word	0	175	148	242
word	0	99	81	137
word	0	0	34	46
word	1	268	8	269
word	63	0	228	61
word	104	98	135	137
word	111	445	474	497
word	113	355	145	407
word	159	84	181	136
word	172	175	226	241
word	173	355	511	421
word	204	85	290	151
word	252	175	475	240
word	255	0	302	46
word	274	266	331	318
word	319	98	352	150
word	330	9	362	47
word	354	265	511	330
word	376	99	410	136
word	388	0	477	61
word	432	85	511	137
word	502	446	511	498
word	502	189	511	227
word	505	0	511	46
word	507	505	511	511
char	0	452	15	501
char	0	350	16	410
char	0	271	17	322
char	0	210	4	227
char	0	94	83	141
char	0	0	36	50
char	1	321	4	330
char	2	324	8	333
char	2	324	5	333
char	2	322	8	331
char	2	319	4	328
char	2	263	10	273
char	3	320	8	329
char	5	317	17	331
char	7	170	27	246
char	11	324	16	334
char	15	454	53	501
char	16	350	42	411
char	20	272	45	321
char	31	170	68	230
char	36	364	92	410
char	43	260	81	322
char	53	440	70	501
char	59	0	97	51
char	67	440	87	511
char	71	183	109	244
char	81	261	105	321
char	98	4	136	52
char	100	93	137	141
char	104	260	116	320
char	107	440	132	501
char	109	350	147	411
char	110	183	150	231
char	117	260	156	322
char	130	455	165	501
char	136	3	196	65
char	155	79	183	140
char	159	4	164	13
char	160	273	195	320
char	167	440	205	501
char	168	170	192	231
char	169	363	208	412
char	186	4	193	13
char	192	184	228	245
char	195	3	230	51
char	196	274	252	320
char	200	412	205	421
char	200	80	235	140
char	205	454	246	501
char	206	364	244	425
char	239	80	251	140
char	245	453	286	501
char	245	363	284	425
char	248	184	288	230
char	251	0	265	50
char	253	93	292	155
char	267	0	304	50
char	270	273	309	322
char	287	183	322	232
char	288	440	324	500
char	288	364	324	412
char	310	261	333	321
char	315	93	354	154
char	323	440	344	501
char	324	170	361	230
char	325	350	364	411
char	326	4	364	51
char	344	454	380	501
char	350	274	389	322
char	360	185	396	244
char	364	350	389	411
char	372	94	412	140
char	381	453	436	500
char	384	1	396	50
char	388	260	400	320
char	389	365	424	412
char	396	170	424	231
char	398	3	437	65
char	404	260	442	322
char	422	184	477	230
char	424	363	460	411
char	428	80	475	140
char	440	440	476	500
char	440	0	479	51
char	444	273	483	334
char	459	351	481	411
char	470	93	509	141
char	481	365	511	412
char	482	260	506	321
char	498	452	511	502
char	498	184	511	231
char	501	447	506	457
char	501	444	510	453
char	501	441	511	451
char	501	0	511	50
char	503	503	509	509
char	503	500	509	509
char	505	260	511	321
