line	0	0	511	61
line	0	85	511	151
line	0	174	511	241
line	0	265	511	331
line	0	355	511	421
line	0	444	511	511
word	0	445	41	497
word	0	355	61	421
word	0	265	451	331
word	0	174	23	228
word	0	85	303	151
word	0	0	72	46
word	49	175	511	241
word	68	445	208	511
word	87	355	260	421
word	95	0	193	47
word	215	7	249	47
word	238	445	273	496
word	270	0	365	61
word	290	355	511	421
word	299	445	422	511
word	326	85	475	150
word	382	7	511	47
word	446	444	511	496
word	478	265	511	318
word	501	89	511	140
word	506	238	511	238
char	0	350	22	411
char	0	261	23	322
char	0	169	25	232
char	0	92	15	141
char	1	440	43	501
char	1	0	41	50
char	14	80	36	155
char	21	364	63	425
char	25	273	65	321
char	41	92	70	140
char	45	183	85	231
char	45	3	74	50
char	64	453	106	511
char	67	271	110	321
char	70	80	85	140
char	83	350	123	410
char	86	182	130	232
char	88	93	149	140
char	91	0	134	51
char	108	453	152	503
char	112	273	198	320
char	121	366	163	410
char	132	170	173	230
char	133	3	195	50
char	140	274	145	283
char	151	455	193	499
char	152	80	194	141
char	163	350	203	411
char	170	185	229	230
char	194	440	210	500
char	194	80	237	141
char	197	273	236	321
char	202	364	241	411
char	211	2	251	51
char	227	184	268	245
char	234	440	275	500
char	236	275	277	319
char	239	350	262	425
char	240	93	269	140
char	266	93	305	142
char	266	0	290	65
char	268	183	307	231
char	278	260	294	320
char	286	350	326	410
char	292	3	334	64
char	295	453	340	510
char	297	260	339	321
char	308	183	368	230
char	322	93	366	140
char	330	350	346	410
char	334	0	367	51
char	338	454	382	500
char	341	273	370	320
char	350	363	379	411
char	364	80	392	141
char	370	260	411	322
char	372	170	412	230
char	378	363	419	425
char	378	2	419	51
char	382	440	424	501
char	391	80	433	141
char	411	273	453	335
char	414	183	456	244
char	418	364	460	411
char	419	3	459	51
char	420	415	426	424
char	421	413	426	422
char	435	91	477	154
char	442	439	496	500
char	459	183	499	231
char	460	350	485	411
char	461	3	511	50
char	474	260	511	322
char	484	350	501	411
char	495	454	511	500
char	497	84	511	144
char	499	184	511	231
char	500	351	511	411
char	502	233	509	242
