line	0	6	511	71
line	0	94	511	159
line	0	182	511	247
line	0	240	10	245
line	0	271	511	335
line	0	358	511	422
line	0	446	511	511
word	0	447	110	511
word	0	359	169	410
word	0	283	191	334
word	0	183	231	245
word	0	94	494	159
word	0	7	117	71
word	134	446	511	511
word	141	6	400	70
word	194	359	269	422
word	219	271	358	335
word	257	182	511	247
word	290	371	324	410
word	352	359	396	410
word	385	284	458	321
word	425	6	511	71
word	426	358	511	409
word	485	283	511	320
char	0	442	14	501
char	0	367	34	412
char	0	279	33	325
char	0	192	13	242
char	0	15	33	60
char	1	235	11	249
char	3	235	12	244
char	3	103	37	149
char	13	191	50	237
char	15	454	51	502
char	33	2	45	60
char	34	366	56	412
char	35	278	75	325
char	35	105	89	147
char	45	15	84	75
char	50	192	104	236
char	51	454	89	511
char	55	354	77	413
char	74	355	96	413
char	75	279	112	338
char	84	15	119	61
char	89	442	112	502
char	89	104	123	149
char	93	192	98	201
char	96	367	131	412
char	96	192	103	201
char	104	178	115	236
char	116	279	151	325
char	119	178	156	238
char	125	90	163	149
char	130	455	169	501
char	133	367	171	414
char	137	14	176	61
char	153	278	193	326
char	158	191	194	237
char	167	103	202	149
char	169	458	204	498
char	178	15	213	61
char	190	354	201	412
char	198	191	233	236
char	204	455	241	500
char	204	103	243	149
char	206	367	243	426
char	215	266	226	324
char	217	2	229	60
char	230	266	265	324
char	233	2	269	60
char	241	455	277	511
char	245	367	271	412
char	245	90	292	163
char	253	191	287	251
char	267	279	306	325
char	268	1	296	60
char	280	455	316	500
char	284	178	303	251
char	286	366	326	414
char	290	17	327	60
char	294	103	332	150
char	305	191	344	238
char	309	266	320	324
char	316	441	343	500
char	322	278	360	339
char	327	15	364	74
char	332	103	369	163
char	341	455	394	500
char	344	193	382	251
char	348	354	359	412
char	363	367	398	414
char	364	15	402	74
char	369	105	406	163
char	381	279	420	325
char	382	191	440	236
char	397	455	435	510
char	402	191	407	200
char	405	89	441	149
char	421	279	460	325
char	421	15	461	75
char	422	354	458	412
char	436	455	474	501
char	438	191	475	236
char	445	89	457	148
char	457	353	470	412
char	458	89	496	149
char	458	1	484	60
char	471	366	511	413
char	473	177	499	236
char	476	454	510	500
char	476	16	511	75
char	481	278	511	324
char	491	193	511	236
