line	0	7	511	72
line	0	95	511	160
line	0	182	511	247
line	0	235	0	235
line	0	270	511	335
line	0	358	511	409
line	0	446	347	511
word	0	446	347	511
word	0	372	51	409
word	0	285	89	320
word	0	183	370	247
word	0	108	16	159
word	0	20	14	70
word	38	95	152	160
word	39	7	392	72
word	76	358	175	408
word	113	270	171	335
word	173	95	357	159
word	194	284	218	320
word	198	358	248	407
word	237	270	511	335
word	269	372	299	408
word	320	359	385	408
word	379	108	440	144
word	394	182	511	247
word	407	374	459	408
word	413	7	511	56
word	461	108	511	160
word	481	358	511	409
char	0	441	24	499
char	0	367	16	413
char	0	280	17	323
char	0	230	2	239
char	0	193	12	237
char	0	103	18	163
char	0	15	16	66
char	1	58	15	74
char	13	178	53	236
char	17	367	53	412
char	18	280	51	324
char	22	444	63	499
char	24	490	29	499
char	34	90	80	147
char	35	2	79	59
char	52	283	91	324
char	53	195	93	236
char	63	455	101	500
char	72	369	114	412
char	76	107	114	148
char	79	2	121	59
char	92	178	132	236
char	101	442	141	497
char	109	280	150	339
char	114	353	137	411
char	114	105	154	164
char	120	16	181	59
char	132	194	171	236
char	136	353	177	412
char	141	455	175	501
char	151	265	173	321
char	169	90	212	147
char	171	178	212	234
char	175	441	207	498
char	181	2	203	59
char	190	279	220	324
char	194	353	217	411
char	200	457	238	511
char	202	17	244	59
char	211	107	266	148
char	212	191	250	236
char	217	369	250	411
char	233	265	260	339
char	239	456	275	500
char	243	18	281	59
char	249	178	293	235
char	254	105	259	114
char	261	281	302	324
char	265	367	301	412
char	265	105	305	163
char	275	456	308	500
char	281	2	322	60
char	291	195	331	236
char	302	281	341	324
char	305	103	337	148
char	308	442	349	497
char	316	354	358	411
char	323	17	354	60
char	331	191	372	251
char	336	90	359	145
char	342	266	384	323
char	354	19	394	76
char	358	367	387	412
char	375	103	412	148
char	384	265	415	323
char	390	192	430	235
char	403	369	461	412
char	409	2	452	60
char	410	282	446	325
char	413	103	442	148
char	430	191	463	236
char	446	280	480	324
char	453	2	493	60
char	457	105	499	164
char	462	177	487	251
char	477	353	511	413
char	479	280	511	339
char	490	190	511	237
char	493	2	511	57
char	499	103	511	148
