line	0	6	511	72
line	0	94	511	160
line	0	182	511	247
line	0	270	511	335
line	0	275	8	278
line	0	358	511	424
line	0	446	511	511
word	0	446	120	511
word	0	358	293	424
word	0	284	83	320
word	0	275	8	278
word	0	182	263	247
word	0	110	68	144
word	0	6	123	57
word	92	94	237	159
word	105	270	189	335
word	143	446	253	511
word	143	6	368	71
word	210	270	511	321
word	258	94	370	159
word	273	463	309	496
word	282	182	463	247
word	314	358	511	424
word	330	446	511	511
word	386	94	437	160
word	390	22	511	72
word	459	110	511	159
word	484	199	511	233
char	0	457	23	511
char	0	370	10	415
char	0	279	47	324
char	0	194	29	237
char	0	105	7	148
char	0	18	10	61
char	2	407	4	416
char	2	270	10	282
char	6	106	40	148
char	8	371	49	428
char	9	18	68	60
char	23	441	46	511
char	28	195	66	235
char	39	106	70	148
char	43	371	48	380
char	46	457	85	511
char	46	283	85	324
char	49	369	83	411
char	64	177	101	236
char	67	1	87	60
char	83	441	122	500
char	83	373	123	428
char	86	21	125	60
char	88	106	126	163
char	101	281	134	325
char	101	177	140	237
char	109	371	116	380
char	114	371	119	380
char	119	353	157	411
char	126	89	158	147
char	134	265	155	324
char	139	457	176	511
char	139	195	176	251
char	139	1	180	60
char	149	107	186	163
char	154	283	191	339
char	156	369	196	427
char	175	460	208	511
char	175	193	213	251
char	179	18	206	60
char	185	109	239	146
char	195	370	227	412
char	206	441	230	511
char	206	281	267	324
char	206	1	227	60
char	210	197	265	236
char	226	353	264	412
char	226	21	263	75
char	232	441	255	500
char	254	89	276	148
char	262	17	300	75
char	263	371	295	412
char	266	281	292	325
char	269	458	311	500
char	275	107	313	163
char	278	177	391	236
char	292	265	331	324
char	299	17	332	60
char	310	353	351	412
char	312	106	345	149
char	326	458	365	511
char	328	265	366	324
char	331	21	370	60
char	345	106	372	148
char	350	353	387	412
char	362	441	403	498
char	365	283	404	324
char	382	89	408	164
char	386	371	422	428
char	386	18	419	61
char	390	197	429	251
char	396	489	401	498
char	398	461	437	500
char	403	265	441	325
char	411	105	439	149
char	420	17	446	61
char	422	359	444	411
char	426	195	465	236
char	437	458	469	501
char	441	282	467	324
char	443	371	473	411
char	447	17	485	76
char	455	107	493	149
char	467	265	507	324
char	469	458	502	500
char	472	353	511	411
char	480	194	511	237
char	485	18	511	59
char	492	105	511	163
char	501	445	511	498
char	502	444	510	453
char	505	287	511	325
char	508	285	511	294
