line	0	0	511	61
line	509	57	511	58
line	0	85	511	151
line	0	175	511	241
line	0	175	18	180
line	496	238	511	238
line	0	265	511	331
line	0	355	511	422
line	0	445	511	511
word	0	445	284	511
word	0	368	77	422
word	0	277	121	331
word	0	187	80	227
word	0	175	18	180
word	0	85	87	150
word	0	7	89	60
word	103	355	182	407
word	109	175	472	241
word	116	85	430	137
word	116	0	378	61
word	143	265	371	331
word	210	355	511	421
word	309	457	389	497
word	400	278	437	330
word	407	0	441	46
word	413	458	511	497
word	457	85	511	151
word	462	275	511	318
word	467	0	511	47
word	495	186	511	229
word	496	238	498	238
word	497	175	509	179
word	505	325	511	330
word	509	57	511	58
char	0	454	33	501
char	0	363	39	410
char	0	182	21	231
char	0	80	7	140
char	0	2	21	64
char	2	273	40	322
char	2	171	8	183
char	5	80	45	140
char	8	172	13	181
char	8	170	20	184
char	21	183	82	230
char	25	3	53	50
char	32	440	55	511
char	38	364	79	426
char	39	272	82	335
char	47	92	89	154
char	53	3	91	51
char	56	453	97	501
char	81	274	123	335
char	99	454	138	501
char	99	362	129	410
char	105	170	145	230
char	112	92	173	140
char	112	3	171	50
char	127	350	143	410
char	139	261	162	323
char	140	453	182	511
char	143	320	148	329
char	144	363	184	411
char	144	323	155	335
char	146	183	190	232
char	159	260	182	335
char	170	0	192	65
char	176	92	236	140
char	186	440	226	500
char	187	260	227	320
char	192	182	234	244
char	194	3	234	51
char	206	362	249	425
char	226	453	286	500
char	228	273	268	321
char	234	183	276	244
char	236	0	276	50
char	240	91	300	140
char	251	363	291	410
char	270	260	310	320
char	276	4	320	50
char	280	183	322	245
char	290	364	334	410
char	302	91	345	141
char	305	454	349	500
char	312	260	353	321
char	320	3	380	50
char	321	185	362	245
char	334	362	394	410
char	346	91	389	141
char	349	452	391	501
char	352	260	373	335
char	362	183	403	231
char	392	80	432	140
char	396	273	439	334
char	398	350	414	410
char	403	0	443	50
char	405	183	435	230
char	409	454	471	500
char	419	350	458	410
char	434	170	474	230
char	453	92	489	142
char	458	363	499	411
char	458	273	499	322
char	463	0	503	50
char	470	453	509	501
char	489	80	511	155
char	491	181	511	233
char	492	233	497	242
char	493	172	502	183
char	494	233	500	242
char	494	170	500	179
char	500	270	511	322
char	500	170	506	179
char	501	362	511	411
char	501	324	507	334
char	501	320	509	331
char	501	172	506	181
char	505	52	510	62
char	505	7	511	51
