line	0	0	511	61
line	0	85	511	136
line	0	145	16	151
line	0	175	511	242
line	0	234	12	238
line	0	265	511	331
line	0	355	511	422
line	0	445	511	511
line	500	446	511	454
word	0	459	9	495
word	0	355	511	422
word	0	279	8	315
word	0	175	260	226
word	0	99	114	136
word	0	0	328	61
word	2	145	16	151
word	5	234	12	238
word	32	459	56	495
word	32	265	343	331
word	80	459	105	495
word	128	445	309	511
word	138	85	423	135
word	283	175	511	242
word	333	445	511	511
word	352	0	424	61
word	365	280	478	331
word	445	85	511	135
word	451	9	511	61
word	501	265	511	315
char	0	454	11	499
char	0	364	19	409
char	0	274	10	319
char	0	186	15	230
char	0	94	18	140
char	0	6	51	50
char	2	352	16	364
char	3	143	8	152
char	6	229	14	242
char	7	140	18	155
char	14	170	59	229
char	17	96	75	139
char	19	352	46	410
char	21	220	27	229
char	28	454	58	499
char	28	274	92	319
char	46	350	87	409
char	50	5	92	65
char	56	185	121	229
char	75	95	116	139
char	76	454	107	499
char	76	130	84	139
char	77	310	83	319
char	86	350	129	408
char	90	130	97	139
char	92	275	134	335
char	92	0	115	49
char	94	130	101	139
char	98	130	103	139
char	114	5	155	65
char	121	185	184	229
char	124	455	165	499
char	129	365	193	409
char	134	263	158	320
char	134	95	178	139
char	156	4	191	49
char	157	260	182	335
char	165	455	198	499
char	177	96	234	139
char	183	170	206	229
char	185	274	220	319
char	192	5	225	49
char	193	365	227	409
char	198	440	242	499
char	205	188	262	230
char	221	275	254	319
char	225	0	266	49
char	227	365	261	409
char	234	80	266	139
char	239	456	281	511
char	254	260	296	320
char	256	40	261	49
char	260	97	293	139
char	262	365	299	410
char	266	0	289	49
char	279	170	323	230
char	281	455	311	499
char	289	8	330	49
char	293	82	319	139
char	295	260	319	317
char	298	350	365	410
char	300	400	306	409
char	318	262	345	319
char	319	80	361	139
char	322	170	367	229
char	324	220	331	229
char	329	440	353	499
char	348	4	378	50
char	353	455	381	499
char	360	95	425	139
char	361	275	396	319
char	365	350	399	409
char	366	186	399	230
char	379	0	426	65
char	381	455	420	511
char	392	365	430	426
char	395	275	437	335
char	399	185	432	229
char	420	458	458	497
char	430	350	474	407
char	432	185	475	245
char	437	275	480	319
char	441	80	466	139
char	447	4	491	50
char	459	455	496	499
char	464	97	511	139
char	473	352	499	410
char	474	170	497	230
char	491	4	511	65
char	493	186	511	246
char	496	453	511	500
char	496	441	511	458
char	497	260	511	319
char	498	356	511	410
