line	0	0	511	61
line	0	84	511	151
line	0	174	511	241
line	0	265	511	331
line	0	355	98	406
line	0	445	511	511
word	0	461	14	511
word	0	355	98	406
word	0	279	119	316
word	0	174	8	225
word	0	84	160	151
word	0	0	39	61
word	1	57	6	58
word	22	174	41	225
word	35	459	113	511
word	64	189	135	225
word	65	0	202	61
word	134	445	272	511
word	142	279	320	315
word	158	175	358	241
word	183	85	422	151
word	224	0	511	61
word	295	445	434	511
word	343	265	511	331
word	379	175	511	241
word	444	85	511	151
word	458	445	498	495
char	0	456	16	511
char	0	365	11	409
char	0	274	19	320
char	0	169	10	229
char	0	95	11	140
char	0	0	16	49
char	2	52	8	62
char	11	365	47	409
char	11	79	53	140
char	15	0	41	65
char	18	169	43	229
char	19	275	57	320
char	31	454	76	511
char	48	365	77	410
char	52	98	90	139
char	56	130	61	139
char	58	274	121	319
char	60	184	96	229
char	61	4	105	65
char	68	130	77	139
char	75	456	115	511
char	77	350	100	409
char	90	96	130	155
char	96	186	137	229
char	104	0	134	50
char	130	440	155	499
char	130	94	162	138
char	133	7	166	49
char	138	274	181	319
char	154	185	196	245
char	155	457	197	511
char	166	5	204	49
char	179	95	222	155
char	182	275	221	319
char	195	170	220	245
char	196	458	235	498
char	197	491	202	500
char	220	0	269	49
char	221	275	284	319
char	223	185	253	229
char	223	95	262	155
char	234	456	274	500
char	254	186	295	229
char	255	310	260	319
char	262	80	305	137
char	269	8	308	65
char	283	277	322	319
char	291	454	331	511
char	296	184	325	229
char	305	80	346	139
char	308	4	342	49
char	325	185	360	230
char	330	440	355	511
char	339	274	383	335
char	342	5	379	65
char	347	95	384	140
char	357	455	401	511
char	375	170	401	229
char	378	0	401	47
char	383	274	426	335
char	384	98	424	155
char	400	186	442	245
char	401	455	436	500
char	401	8	442	49
char	424	260	466	319
char	440	80	484	139
char	443	184	485	245
char	443	4	481	50
char	454	440	500	499
char	466	274	511	335
char	481	40	487	49
char	481	5	511	49
char	483	96	511	155
char	484	185	511	230
char	484	40	497	49
