line	0	1	511	67
line	379	12	379	12
line	506	65	511	65
line	0	89	511	155
line	0	178	511	243
line	0	268	511	333
line	0	356	511	423
line	0	445	511	511
line	502	508	511	508
word	0	445	401	511
word	0	356	164	409
word	0	268	429	333
word	0	179	418	243
word	0	102	47	155
word	0	0	72	53
word	74	89	226	155
word	98	14	130	66
word	154	0	199	67
word	185	357	421	423
word	228	0	380	65
word	250	90	317	142
word	343	91	397	141
word	405	14	439	53
word	422	102	511	140
word	432	446	477	497
word	441	178	511	231
word	451	357	492	422
word	453	281	485	319
word	465	0	511	53
word	500	459	511	497
word	502	508	508	510
word	506	65	510	65
word	510	268	511	320
char	0	454	14	501
char	0	364	36	413
char	0	279	3	293
char	0	187	34	247
char	0	99	15	159
char	0	1	34	57
char	2	263	40	323
char	14	97	49	144
char	18	454	94	500
char	36	351	61	411
char	36	9	74	57
char	38	174	50	233
char	42	276	78	324
char	52	187	90	247
char	58	365	92	413
char	70	84	97	144
char	82	275	138	323
char	92	365	128	412
char	93	441	129	501
char	93	186	150	233
char	94	99	131	158
char	94	9	132	70
char	126	441	145	511
char	128	368	166	409
char	131	86	154	145
char	138	263	162	323
char	145	440	172	500
char	150	9	184	71
char	153	174	189	233
char	153	85	191	145
char	161	263	197	322
char	171	455	204	500
char	181	366	221	411
char	182	1	201	70
char	189	187	225	235
char	191	100	228	159
char	197	277	233	323
char	206	441	245	501
char	221	352	257	412
char	224	7	251	56
char	225	188	260	235
char	232	276	268	323
char	244	440	272	500
char	246	98	282	146
char	249	1	260	56
char	256	366	291	413
char	262	186	302	235
char	262	9	300	69
char	267	456	304	511
char	267	279	299	320
char	284	85	319	144
char	291	365	330	413
char	297	263	316	337
char	304	174	340	234
char	304	9	342	69
char	305	455	343	511
char	320	263	355	322
char	329	364	367	427
char	339	98	378	144
char	342	9	382	57
char	344	454	368	500
char	344	186	381	247
char	357	276	394	323
char	367	441	403	501
char	371	352	406	412
char	375	7	380	16
char	377	86	399	145
char	382	190	420	232
char	394	276	431	323
char	401	9	441	57
char	404	352	423	426
char	418	97	474	144
char	428	441	438	500
char	437	185	476	235
char	441	454	479	501
char	447	352	494	426
char	449	276	487	323
char	461	1	499	57
char	469	416	474	425
char	474	99	511	144
char	476	173	503	231
char	496	454	511	501
char	498	503	503	508
char	500	503	505	508
char	500	174	511	234
char	501	9	511	57
char	502	60	507	69
char	503	7	509	16
char	504	174	509	183
char	506	263	511	324
char	506	174	511	183
