line	0	4	511	72
line	505	14	511	14
line	0	93	511	159
line	0	181	511	248
line	0	270	511	335
line	0	358	511	423
line	0	447	511	497
word	0	461	12	496
word	0	358	84	423
word	0	272	355	335
word	0	181	306	248
word	0	93	172	159
word	0	20	94	71
word	34	447	105	497
word	106	359	241	423
word	113	2	511	72
word	126	447	304	497
word	196	94	312	144
word	265	359	302	408
word	323	182	511	247
word	325	373	348	408
word	326	447	468	497
word	336	108	405	144
word	373	373	401	408
word	379	270	511	335
word	423	360	511	408
word	429	108	452	144
word	474	95	493	143
word	490	460	511	496
char	0	456	14	500
char	0	370	2	379
char	0	353	8	377
char	0	267	20	325
char	0	176	16	252
char	0	88	18	148
char	0	17	14	75
char	1	369	43	427
char	14	15	55	75
char	17	181	46	236
char	17	107	56	163
char	19	281	60	339
char	30	442	74	501
char	43	354	86	411
char	45	193	78	234
char	55	16	96	59
char	56	104	91	146
char	60	283	98	324
char	74	457	107	498
char	78	191	118	251
char	91	90	135	147
char	97	281	154	324
char	99	281	105	290
char	102	368	164	411
char	109	4	136	76
char	118	193	174	236
char	122	455	157	500
char	134	107	174	148
char	137	17	177	59
char	141	227	146	236
char	153	279	194	339
char	157	457	190	497
char	164	370	204	427
char	174	178	214	234
char	176	17	213	59
char	190	442	230	499
char	191	490	198	499
char	192	89	227	147
char	193	281	249	324
char	202	354	243	409
char	213	17	251	60
char	214	195	269	236
char	218	107	274	148
char	222	490	229	499
char	231	442	273	501
char	243	17	248	26
char	249	280	282	322
char	249	17	289	60
char	261	354	304	412
char	261	193	267	202
char	268	193	308	251
char	273	457	306	499
char	274	90	314	148
char	281	280	316	324
char	289	16	329	58
char	316	280	357	339
char	319	177	346	251
char	321	368	350	412
char	322	455	361	501
char	329	17	370	60
char	332	103	370	148
char	348	177	391	235
char	360	442	400	500
char	369	368	403	412
char	370	107	407	145
char	370	17	426	60
char	371	17	377	26
char	375	265	399	323
char	391	178	431	236
char	398	281	436	339
char	400	444	427	501
char	419	355	447	412
char	425	103	454	148
char	426	15	458	59
char	427	442	470	499
char	429	442	435	451
char	432	178	474	236
char	435	280	475	339
char	446	356	472	412
char	458	16	493	60
char	470	90	495	147
char	471	371	510	412
char	474	177	511	236
char	475	283	511	324
char	486	455	511	500
char	493	14	511	61
char	501	9	507	18
