line	0	1	511	67
line	0	89	511	155
line	0	179	511	245
line	501	238	511	238
line	500	240	511	241
line	500	243	511	243
line	0	266	511	333
line	0	356	511	423
line	0	445	511	511
word	0	445	483	511
word	0	356	241	423
word	0	266	359	333
word	0	179	369	245
word	0	89	175	140
word	0	0	58	66
word	80	0	275	52
word	201	89	511	155
word	265	356	389	408
word	304	0	338	51
word	364	0	511	67
word	387	280	423	332
word	396	191	511	232
word	410	371	447	408
word	448	279	511	319
word	473	357	511	407
word	500	238	511	243
char	0	453	21	511
char	0	364	40	411
char	0	274	47	322
char	0	84	50	144
char	0	1	17	70
char	3	186	60	233
char	16	9	60	55
char	20	102	25	113
char	24	455	63	502
char	43	352	85	412
char	45	262	74	322
char	45	101	86	144
char	61	185	101	235
char	66	454	107	511
char	71	275	110	323
char	76	7	116	56
char	85	351	172	411
char	85	84	113	144
char	102	187	143	247
char	109	494	114	503
char	109	453	149	501
char	111	263	151	322
char	112	97	140	144
char	119	1	158	55
char	139	85	177	144
char	146	186	188	247
char	148	441	169	511
char	151	263	191	322
char	156	12	196	55
char	165	368	205	427
char	173	453	233	500
char	188	186	227	234
char	190	275	232	336
char	197	84	248	145
char	197	9	257	55
char	205	365	243	412
char	229	174	269	233
char	233	275	294	322
char	234	453	274	501
char	247	99	285	145
char	260	1	277	55
char	261	351	291	412
char	269	174	284	233
char	276	441	316	500
char	285	366	326	411
char	287	85	328	145
char	288	174	328	233
char	294	261	361	337
char	300	1	340	55
char	319	455	358	501
char	326	353	351	412
char	327	84	357	144
char	329	187	371	249
char	351	352	391	411
char	353	100	394	159
char	360	8	403	71
char	362	453	422	500
char	383	275	425	336
char	392	186	432	234
char	393	99	431	144
char	406	366	449	412
char	407	1	423	55
char	424	453	464	511
char	426	9	486	55
char	430	85	452	159
char	433	187	493	233
char	444	276	506	322
char	456	97	496	159
char	463	440	485	511
char	469	364	498	411
char	489	1	511	55
char	494	187	511	236
char	494	85	511	159
char	496	238	503	247
char	496	235	509	245
char	497	352	511	411
char	497	233	504	242
char	505	274	511	323
