line	0	0	511	61
line	0	85	511	136
line	0	175	511	241
line	0	265	511	331
line	0	355	511	422
line	0	444	511	511
word	0	444	315	511
word	0	370	181	406
word	0	265	291	331
word	0	190	81	241
word	0	85	127	135
word	0	0	123	61
word	104	190	270	241
word	146	0	247	46
word	149	85	336	135
word	204	355	452	422
word	272	9	302	45
word	293	175	511	241
word	314	281	368	315
word	324	0	446	45
word	335	445	477	511
word	361	85	511	136
word	388	266	413	316
word	435	280	511	315
word	468	0	511	61
word	474	371	511	406
word	504	460	511	496
char	0	455	10	500
char	0	365	6	410
char	0	276	13	321
char	0	185	20	245
char	0	94	15	139
char	0	48	14	63
char	0	3	16	51
char	4	366	44	410
char	10	441	36	499
char	13	275	55	335
char	15	95	49	139
char	15	0	41	65
char	19	185	83	229
char	35	440	58	499
char	40	220	45	229
char	43	4	81	50
char	44	366	81	409
char	48	220	54	229
char	49	98	87	139
char	55	274	96	335
char	58	455	95	500
char	81	366	120	409
char	82	0	125	49
char	86	80	129	139
char	88	130	99	139
char	94	458	133	511
char	95	260	120	335
char	96	130	101	139
char	100	185	145	245
char	120	365	183	409
char	123	260	153	319
char	132	456	171	511
char	142	0	172	50
char	145	185	208	227
char	145	80	226	139
char	151	260	183	319
char	168	220	178	229
char	170	456	211	511
char	170	6	212	49
char	173	40	178	49
char	176	277	215	319
char	184	220	208	229
char	200	365	241	426
char	208	185	272	229
char	210	439	237	497
char	212	5	249	50
char	215	275	252	319
char	225	82	251	139
char	235	440	268	499
char	241	365	282	407
char	250	83	277	139
char	253	276	293	319
char	261	456	294	499
char	268	4	304	49
char	274	455	279	464
char	276	97	310	139
char	282	350	325	410
char	289	185	324	230
char	291	130	297	139
char	293	440	317	499
char	294	130	299	139
char	310	276	370	319
char	310	94	338	139
char	320	6	362	49
char	324	184	365	245
char	326	350	367	409
char	331	455	373	511
char	357	94	387	139
char	363	0	407	49
char	366	185	400	229
char	368	400	374	409
char	368	366	409	409
char	373	440	415	499
char	384	261	415	320
char	387	95	422	139
char	400	185	428	229
char	406	0	448	49
char	409	350	454	409
char	415	456	455	511
char	421	80	464	139
char	422	130	431	139
char	428	186	467	229
char	431	275	466	319
char	454	440	479	511
char	463	95	498	140
char	464	6	507	65
char	467	276	508	319
char	467	170	492	245
char	470	366	511	410
char	495	184	511	229
char	497	80	511	139
char	500	455	511	500
char	506	1	511	48
char	507	294	510	304
char	508	301	511	310
