line	0	0	511	61
line	0	85	511	151
line	0	175	511	241
line	0	265	511	331
line	0	355	511	421
line	0	445	353	497
word	0	445	100	497
word	0	355	511	421
word	0	281	12	331
word	0	192	46	241
word	0	85	511	151
word	0	12	28	47
word	33	265	292	331
word	47	0	217	61
word	71	175	164	227
word	123	461	353	496
word	186	175	324	227
word	237	0	403	47
word	316	265	511	317
word	345	175	381	225
word	401	191	471	227
word	426	0	511	45
word	491	175	511	225
char	0	458	34	501
char	0	367	28	411
char	0	276	14	335
char	0	187	13	245
char	0	80	9	103
char	0	7	30	51
char	2	97	35	140
char	13	187	48	231
char	27	350	67	408
char	29	260	51	319
char	34	456	66	500
char	35	95	69	141
char	43	8	101	50
char	51	266	74	321
char	63	440	102	500
char	66	350	86	409
char	67	186	100	231
char	68	80	107	137
char	73	279	104	321
char	85	367	145	409
char	100	170	140	229
char	101	6	137	50
char	104	277	162	317
char	106	80	138	139
char	119	458	160	500
char	134	220	139	229
char	136	80	160	155
char	136	9	176	65
char	140	188	166	231
char	142	350	180	411
char	159	456	191	500
char	162	260	194	319
char	163	97	202	155
char	174	0	196	49
char	180	367	206	409
char	182	186	244	229
char	190	460	230	500
char	192	260	216	335
char	195	0	219	50
char	201	99	240	140
char	205	350	244	409
char	217	278	258	321
char	230	457	257	500
char	233	0	271	51
char	240	97	267	140
char	243	350	264	409
char	243	187	276	231
char	255	260	294	321
char	257	460	296	500
char	264	350	285	409
char	267	97	326	139
char	271	0	310	49
char	276	187	304	230
char	284	350	324	411
char	295	456	327	500
char	304	170	326	229
char	309	0	348	49
char	312	260	335	319
char	321	368	380	408
char	325	99	356	139
char	327	456	355	497
char	333	280	372	321
char	341	170	383	229
char	348	0	380	49
char	355	80	379	155
char	370	260	411	319
char	372	8	405	51
char	374	7	380	16
char	380	350	440	411
char	383	96	411	140
char	397	188	438	231
char	410	278	442	321
char	411	96	470	139
char	419	130	433	139
char	422	0	444	49
char	430	130	435	139
char	432	130	437	139
char	438	186	473	231
char	441	367	473	411
char	442	260	511	319
char	442	7	511	49
char	460	7	472	16
char	469	100	508	139
char	472	367	511	425
char	487	170	509	229
char	507	277	510	286
char	508	130	511	139
char	508	110	511	119
char	508	103	511	113
