line	0	0	511	49
line	509	57	511	60
line	0	85	511	151
line	0	174	511	241
line	0	264	511	331
line	0	355	511	422
line	0	444	511	511
word	0	444	7	496
word	0	355	290	422
word	0	264	104	330
word	0	174	91	226
word	0	85	511	151
word	21	0	274	48
word	27	458	127	511
word	104	175	330	241
word	130	265	192	317
word	156	444	511	511
word	209	265	440	331
word	303	0	340	47
word	313	355	511	408
word	353	188	432	240
word	364	5	439	47
word	462	175	511	226
word	466	0	511	49
word	468	265	511	317
word	509	57	511	60
char	0	439	9	500
char	0	350	21	412
char	0	259	28	320
char	0	170	21	230
char	1	93	43	154
char	17	0	48	51
char	21	184	63	230
char	22	363	62	411
char	23	453	65	510
char	24	273	62	321
char	43	94	102	140
char	44	2	83	52
char	62	364	102	426
char	62	169	93	230
char	64	271	106	334
char	68	453	129	500
char	83	0	127	52
char	100	170	125	245
char	100	81	126	141
char	103	363	132	410
char	124	95	164	155
char	126	260	154	321
char	127	183	168	231
char	127	0	144	50
char	133	363	171	411
char	148	3	177	51
char	152	454	192	501
char	154	260	194	320
char	165	91	223	140
char	170	364	212	425
char	170	170	186	230
char	176	3	214	51
char	185	183	230	231
char	190	91	205	100
char	194	452	238	501
char	205	260	229	335
char	213	350	229	410
char	215	3	276	50
char	222	80	244	155
char	229	364	292	410
char	230	170	246	230
char	234	260	274	320
char	237	439	266	498
char	247	91	289	154
char	248	182	291	232
char	261	455	302	511
char	275	260	319	321
char	290	91	330	141
char	291	183	332	231
char	299	0	342	51
char	302	440	341	501
char	309	363	352	411
char	317	273	361	320
char	330	93	372	154
char	340	440	362	511
char	349	183	394	230
char	355	350	371	410
char	359	274	401	320
char	360	2	400	51
char	366	440	407	501
char	372	360	413	411
char	373	80	417	142
char	394	183	434	244
char	401	272	442	334
char	401	5	441	51
char	408	453	451	501
char	415	363	444	410
char	416	93	458	155
char	417	91	422	100
char	443	350	484	411
char	451	453	491	501
char	458	170	498	230
char	459	94	498	141
char	462	0	505	52
char	464	260	506	321
char	484	362	511	412
char	491	456	511	499
char	498	170	511	230
char	499	91	511	155
char	505	52	511	64
char	505	3	511	53
char	508	309	511	318
char	508	305	511	314
char	508	303	511	312
char	508	301	511	310
char	508	299	511	308
char	508	295	511	304
char	508	289	511	302
char	508	4	511	10
