line	0	0	511	66
line	0	90	511	155
line	0	178	511	245
line	0	267	511	320
line	0	356	511	423
line	0	446	511	511
word	0	446	101	511
word	0	358	41	423
word	0	267	89	318
word	0	191	57	230
word	0	103	16	142
word	0	0	38	51
word	41	90	180	141
word	64	356	324	423
word	65	0	142	52
word	87	191	205	231
word	106	280	251	319
word	126	459	160	496
word	166	0	227	52
word	187	446	268	497
word	209	90	433	155
word	228	192	265	245
word	252	12	288	66
word	280	281	357	319
word	290	179	371	229
word	294	446	418	497
word	315	14	377	65
word	346	357	511	409
word	382	268	418	319
word	397	178	499	244
word	406	0	511	66
word	443	268	511	320
word	445	446	511	511
word	459	103	493	141
word	511	449	511	450
char	0	454	21	510
char	0	366	18	427
char	0	274	41	322
char	0	188	20	234
char	0	98	18	146
char	0	0	27	55
char	16	353	43	412
char	21	186	59	233
char	22	454	62	501
char	25	1	40	55
char	37	97	76	145
char	44	263	60	322
char	59	262	91	322
char	60	364	99	412
char	61	7	101	56
char	63	441	103	500
char	79	97	119	144
char	83	188	122	234
char	99	368	139	427
char	102	277	146	322
char	103	1	144	56
char	122	454	162	500
char	122	97	162	144
char	124	186	164	234
char	139	365	179	412
char	146	276	175	322
char	162	9	204	55
char	164	187	207	235
char	166	85	182	144
char	174	276	212	323
char	178	365	220	426
char	183	441	225	501
char	204	1	229	56
char	205	85	245	144
char	213	275	253	322
char	221	352	260	411
char	224	187	267	249
char	229	441	270	501
char	246	97	287	145
char	248	7	290	70
char	260	365	298	413
char	276	276	316	323
char	286	186	316	233
char	286	85	307	159
char	290	441	332	501
char	297	351	326	411
char	310	97	350	146
char	311	9	340	55
char	315	276	359	322
char	316	174	330	233
char	334	187	373	233
char	335	441	376	501
char	340	9	379	69
char	342	366	382	413
char	350	85	391	145
char	377	454	420	501
char	378	263	420	323
char	386	366	425	413
char	393	173	424	233
char	394	98	435	158
char	402	9	460	55
char	420	189	461	248
char	428	363	489	411
char	439	263	481	323
char	441	441	480	501
char	455	98	495	145
char	459	0	481	70
char	461	186	501	234
char	478	441	500	511
char	481	0	510	55
char	483	275	511	324
char	492	352	508	412
char	503	454	511	511
char	507	444	511	454
