line	0	4	511	71
line	507	61	511	62
line	0	94	511	159
line	0	182	511	247
line	0	283	511	335
line	0	358	511	423
line	0	446	511	511
word	0	447	333	511
word	0	358	376	423
word	0	283	68	335
word	0	196	53	246
word	0	108	14	156
word	0	6	181	71
word	33	94	212	159
word	81	182	279	247
word	94	284	127	321
word	155	284	445	334
word	206	5	285	56
word	241	95	511	146
word	302	195	415	246
word	307	7	339	58
word	358	447	365	496
word	362	2	384	56
word	389	446	511	511
word	405	358	451	408
word	405	6	511	62
word	439	195	511	233
word	472	284	511	335
word	477	372	511	408
word	511	9	511	9
char	0	454	30	501
char	0	366	45	412
char	0	279	33	339
char	0	191	16	238
char	0	103	16	156
char	0	15	13	61
char	2	63	4	72
char	4	65	11	74
char	5	63	12	72
char	7	61	12	70
char	7	53	12	62
char	8	151	13	160
char	13	14	49	75
char	18	191	55	250
char	29	90	49	163
char	33	278	70	325
char	34	442	69	500
char	45	366	100	412
char	50	103	87	150
char	51	1	88	61
char	69	454	124	500
char	77	178	88	236
char	87	103	125	149
char	89	178	112	237
char	90	279	129	325
char	92	2	104	60
char	101	366	141	413
char	104	1	131	60
char	111	177	170	236
char	126	105	178	148
char	127	455	182	500
char	128	15	183	60
char	140	353	178	413
char	151	279	188	338
char	165	192	202	251
char	172	139	177	148
char	178	89	214	149
char	182	354	218	412
char	186	454	224	510
char	190	279	226	325
char	202	15	241	60
char	206	191	243	250
char	217	354	229	412
char	224	458	260	498
char	226	280	264	324
char	233	367	288	412
char	237	90	273	148
char	241	5	287	60
char	244	2	250	13
char	245	177	281	236
char	260	455	297	503
char	264	279	302	325
char	273	104	327	148
char	289	367	325	413
char	298	455	335	501
char	298	190	338	237
char	302	282	339	324
char	303	2	341	62
char	327	367	361	412
char	327	103	365	150
char	338	279	376	325
char	338	191	376	237
char	354	442	367	500
char	358	4	386	60
char	360	354	378	427
char	365	103	404	149
char	376	281	413	324
char	379	190	417	250
char	385	456	437	500
char	401	366	437	412
char	401	12	427	60
char	404	104	457	148
char	412	279	447	325
char	426	1	462	61
char	434	442	452	511
char	435	191	471	237
char	441	353	453	412
char	452	441	479	500
char	457	90	493	148
char	462	15	501	61
char	468	279	493	324
char	471	190	510	237
char	473	367	511	412
char	478	456	511	500
char	490	279	511	339
char	491	455	498	464
char	492	103	511	149
char	502	15	511	63
char	503	56	509	66
char	505	103	510	112
char	507	103	510	112
char	507	4	510	13
