line	0	0	511	68
line	0	89	511	155
line	0	146	11	154
line	0	178	511	244
line	0	267	511	333
line	0	356	511	423
line	0	445	511	511
word	0	445	32	496
word	0	373	33	408
word	0	267	511	333
word	0	178	468	244
word	0	89	30	154
word	0	0	104	51
word	52	107	86	140
word	54	462	250	511
word	55	356	232	423
word	109	89	259	155
word	127	6	234	51
word	253	372	277	406
word	253	18	289	68
word	273	445	389	497
word	285	89	510	155
word	296	356	511	423
word	308	0	511	52
word	413	445	511	511
word	487	194	511	229
char	0	440	13	500
char	0	390	3	406
char	0	385	3	396
char	0	379	2	388
char	0	288	3	315
char	0	190	32	232
char	0	101	13	147
char	1	141	13	158
char	2	368	35	412
char	2	282	40	322
char	2	12	32	55
char	7	141	12	150
char	10	444	34	500
char	13	84	32	141
char	26	134	31	143
char	30	0	71	52
char	31	173	69	233
char	39	280	79	337
char	48	102	88	144
char	50	457	84	501
char	51	369	107	412
char	67	173	107	230
char	68	15	106	54
char	76	280	114	319
char	83	457	119	511
char	105	101	139	144
char	106	367	144	427
char	106	190	137	234
char	113	280	151	322
char	119	460	158	511
char	123	12	156	55
char	136	173	174	234
char	139	101	172	145
char	143	367	182	426
char	151	279	177	320
char	156	458	194	498
char	156	12	212	52
char	172	101	207	144
char	174	279	212	337
char	174	190	207	233
char	181	351	201	409
char	193	457	252	498
char	201	368	234	411
char	206	84	239	145
char	207	190	245	248
char	211	262	250	321
char	212	1	236	55
char	237	84	261	159
char	243	190	300	231
char	249	367	279	410
char	249	13	291	72
char	250	280	283	323
char	269	456	297	500
char	281	84	322	143
char	282	279	313	323
char	292	356	317	412
char	297	440	336	501
char	300	192	338	233
char	304	13	344	55
char	313	279	345	323
char	314	368	353	426
char	319	104	358	159
char	334	440	368	497
char	337	190	376	248
char	344	12	371	53
char	345	282	382	322
char	350	351	388	411
char	357	101	395	141
char	359	458	391	501
char	370	0	389	54
char	373	190	431	230
char	381	280	436	322
char	388	371	427	427
char	388	14	443	56
char	394	101	432	159
char	409	457	447	511
char	420	280	425	289
char	426	368	452	408
char	428	190	470	232
char	430	223	435	232
char	430	101	468	141
char	436	279	467	322
char	442	13	478	52
char	446	460	477	500
char	452	368	487	412
char	467	262	505	323
char	467	104	507	144
char	476	440	499	511
char	478	14	511	55
char	483	189	511	233
char	487	367	511	409
char	500	441	511	500
char	504	274	511	319
char	505	263	511	272
char	506	269	511	278
char	507	271	511	280
char	507	266	511	275
char	508	312	511	321
