line	0	5	511	72
line	0	94	511	161
line	0	182	511	249
line	0	287	5	319
line	0	358	511	423
line	0	446	511	511
word	0	446	63	497
word	0	358	174	423
word	0	287	5	319
word	0	182	369	249
word	0	5	141	71
word	14	94	155	145
word	82	446	511	511
word	163	23	271	72
word	173	94	363	161
word	195	374	229	423
word	253	358	511	409
word	290	22	323	71
word	345	6	511	72
word	375	110	511	160
word	390	198	456	247
word	479	183	511	248
word	482	243	492	246
char	0	456	13	500
char	0	369	29	412
char	0	282	7	323
char	0	177	28	236
char	0	19	13	75
char	5	451	10	460
char	5	447	10	458
char	5	444	10	453
char	10	89	75	148
char	11	441	32	500
char	12	18	43	60
char	18	197	56	253
char	29	370	67	427
char	31	458	65	501
char	43	1	77	60
char	54	177	92	235
char	66	353	103	412
char	68	20	99	61
char	74	89	94	148
char	78	441	116	500
char	90	197	128	236
char	93	109	130	149
char	99	5	143	60
char	102	370	139	427
char	117	441	155	500
char	127	177	164	236
char	129	106	157	148
char	139	369	176	427
char	153	461	191	500
char	159	19	199	76
char	163	197	203	252
char	169	107	210	149
char	189	441	230	498
char	191	369	231	427
char	198	19	234	60
char	199	19	204	28
char	203	193	228	235
char	210	89	229	148
char	225	461	264	501
char	228	193	267	235
char	228	109	268	165
char	233	18	273	60
char	249	369	277	413
char	264	457	300	511
char	267	194	298	236
char	267	105	294	148
char	276	353	339	412
char	286	17	325	75
char	293	105	331	163
char	297	177	334	236
char	299	459	338	498
char	330	89	365	148
char	333	194	371	251
char	337	441	357	500
char	337	373	374	412
char	341	1	380	60
char	357	441	395	501
char	371	105	413	164
char	373	353	410	412
char	380	17	412	61
char	386	193	426	251
char	394	459	419	501
char	407	106	445	147
char	410	353	448	412
char	412	17	437	59
char	417	441	442	511
char	425	193	458	236
char	435	21	475	76
char	442	455	469	500
char	444	443	461	458
char	444	106	482	148
char	446	373	484	413
char	469	441	508	500
char	472	19	511	60
char	475	178	511	252
char	478	238	485	247
char	479	238	494	250
char	481	108	511	149
char	482	238	487	247
char	483	372	511	411
char	505	451	511	511
