line	0	0	511	61
line	0	85	511	152
line	0	175	511	242
line	0	265	511	331
line	0	355	511	421
word	0	373	33	421
word	0	265	332	331
word	0	175	108	242
word	0	85	96	151
word	0	0	31	45
word	50	0	250	61
word	54	371	179	421
word	120	85	463	152
word	129	182	239	227
word	201	355	511	407
word	259	191	295	225
word	269	0	485	61
word	316	175	368	227
word	346	265	511	331
word	388	191	424	241
word	444	175	507	226
word	475	85	511	137
word	503	327	511	330
word	508	11	511	47
char	0	368	35	425
char	0	260	32	321
char	0	170	10	246
char	0	80	38	139
char	0	0	33	49
char	11	173	35	231
char	29	277	68	317
char	34	170	71	230
char	35	97	60	139
char	46	8	86	51
char	50	366	89	425
char	59	97	98	155
char	64	310	69	319
char	67	280	105	321
char	71	190	110	229
char	85	8	125	65
char	87	366	126	425
char	104	278	160	321
char	116	97	208	141
char	123	0	167	49
char	125	368	181	410
char	125	177	186	231
char	159	277	197	335
char	167	0	252	49
char	174	220	181	229
char	178	220	183	229
char	185	189	241	231
char	197	350	237	411
char	197	277	229	320
char	208	97	241	140
char	229	277	257	321
char	234	367	293	409
char	235	400	242	409
char	238	80	276	140
char	255	186	297	229
char	257	260	297	321
char	265	5	306	65
char	277	96	314	141
char	293	352	315	410
char	296	260	334	321
char	307	0	328	49
char	312	350	350	411
char	312	170	334	229
char	314	96	351	141
char	325	7	364	65
char	334	187	370	231
char	342	260	368	335
char	350	350	388	411
char	351	96	391	155
char	364	0	402	49
char	368	275	408	335
char	384	186	426	245
char	387	355	410	411
char	390	80	405	137
char	392	145	401	155
char	400	7	461	49
char	402	80	427	156
char	408	276	447	335
char	410	350	429	409
char	411	7	416	16
char	429	369	483	410
char	430	80	465	139
char	440	170	463	229
char	444	260	482	321
char	461	7	487	51
char	463	170	484	229
char	471	80	495	139
char	482	366	511	407
char	482	260	511	322
char	483	170	504	230
char	493	98	511	141
char	496	80	511	98
char	499	325	504	334
char	503	324	510	334
char	503	322	508	331
char	504	6	511	51
