line	0	6	511	71
line	0	94	397	159
line	0	182	511	246
line	0	270	212	335
line	0	358	511	424
line	0	446	511	511
word	0	447	8	496
word	0	371	90	424
word	0	271	24	320
word	0	182	152	233
word	0	108	112	145
word	0	20	33	58
word	37	447	128	498
word	51	270	212	335
word	57	6	126	71
word	120	358	393	423
word	139	94	145	144
word	149	20	181	57
word	153	446	511	511
word	174	94	324	158
word	177	196	208	246
word	206	7	511	71
word	235	182	267	233
word	297	183	511	233
word	349	95	397	159
word	419	372	511	409
char	0	442	10	500
char	0	366	16	413
char	0	266	15	324
char	0	177	37	237
char	0	103	15	149
char	0	15	35	62
char	2	414	10	424
char	2	407	14	421
char	8	412	13	421
char	14	266	26	324
char	15	366	53	428
char	18	103	73	148
char	33	442	71	501
char	39	190	79	237
char	47	265	85	325
char	53	15	92	75
char	57	367	92	412
char	73	455	97	500
char	75	103	114	149
char	79	191	118	237
char	85	267	109	325
char	92	1	128	60
char	96	455	130	502
char	109	266	144	324
char	116	353	151	412
char	118	191	154	237
char	135	89	147	148
char	142	281	177	339
char	145	15	183	61
char	149	455	187	510
char	156	367	191	413
char	170	102	208	162
char	173	191	210	250
char	177	279	214	339
char	191	454	246	500
char	194	354	207	412
char	202	2	213	60
char	207	89	245	149
char	208	366	248	414
char	216	14	255	61
char	231	177	269	237
char	247	454	287	501
char	247	103	286	150
char	250	353	261	412
char	255	2	277	61
char	263	366	301	426
char	277	15	312	61
char	286	457	323	511
char	287	102	326	149
char	293	178	328	236
char	305	366	339	412
char	312	2	348	60
char	324	442	359	500
char	328	192	383	236
char	341	367	378	414
char	345	102	382	163
char	348	15	387	75
char	361	454	400	501
char	377	353	395	427
char	380	90	399	163
char	383	178	419	236
char	387	15	440	60
char	399	441	425	500
char	415	367	453	412
char	417	458	457	511
char	417	180	438	237
char	437	192	475	237
char	438	2	456	75
char	453	367	487	413
char	454	456	507	500
char	460	2	472	60
char	474	15	510	61
char	475	193	511	234
char	487	369	511	411
char	506	455	511	500
