line	0	0	511	61
line	0	85	511	150
line	0	175	511	241
line	0	265	511	331
line	0	355	511	409
line	0	358	3	358
line	491	412	511	420
line	0	445	511	511
word	0	445	163	511
word	0	368	19	407
word	0	358	3	358
word	0	279	57	331
word	0	176	125	241
word	0	85	19	136
word	0	0	511	61
word	45	355	421	407
word	49	85	511	150
word	87	265	356	330
word	151	175	245	226
word	191	445	471	511
word	273	175	349	241
word	375	188	409	228
word	384	265	511	330
word	435	175	511	230
word	446	366	511	420
word	491	355	496	358
word	499	456	511	498
char	0	453	19	511
char	0	363	21	411
char	0	274	19	335
char	0	183	21	245
char	0	90	21	140
char	0	3	18	52
char	1	80	20	98
char	2	353	5	362
char	18	453	56	501
char	19	3	59	51
char	20	274	59	321
char	22	183	63	232
char	29	492	37	501
char	41	363	70	410
char	45	91	87	154
char	58	4	99	65
char	59	440	75	500
char	62	185	102	245
char	69	363	107	411
char	77	452	121	501
char	83	260	125	321
char	88	80	128	140
char	99	3	137	51
char	101	171	127	230
char	109	363	148	410
char	122	440	165	501
char	124	261	151	322
char	126	94	187	140
char	136	0	163	51
char	147	170	187	230
char	148	363	192	411
char	151	272	193	334
char	163	0	202	50
char	186	183	247	230
char	186	80	228	141
char	187	452	229	510
char	193	363	232	411
char	194	260	212	320
char	204	3	246	65
char	210	274	254	320
char	229	453	269	501
char	230	80	246	140
char	232	363	273	411
char	248	3	288	51
char	250	80	290	140
char	254	271	296	322
char	268	453	307	501
char	269	170	330	245
char	275	363	315	410
char	289	2	350	50
char	290	80	330	140
char	299	260	314	320
char	308	440	336	498
char	318	271	358	320
char	319	362	379	410
char	330	92	370	141
char	334	170	351	230
char	335	453	394	500
char	353	3	395	64
char	370	93	410	141
char	371	183	411	232
char	380	272	422	334
char	383	350	423	411
char	395	453	435	502
char	395	0	413	50
char	412	80	453	140
char	417	0	459	52
char	426	260	467	321
char	431	183	472	231
char	437	440	452	500
char	442	364	482	411
char	450	440	473	511
char	451	96	511	140
char	461	0	477	50
char	469	271	509	320
char	474	170	490	230
char	477	3	511	50
char	484	361	511	413
char	487	409	493	418
char	487	407	509	424
char	487	352	498	362
char	489	350	494	359
char	492	181	511	234
char	495	452	511	502
char	507	451	510	460
char	507	179	511	188
