line	0	0	511	66
line	0	90	511	155
line	0	179	511	243
line	0	267	511	333
line	0	330	14	330
line	0	355	511	409
line	0	446	511	511
word	0	446	77	496
word	0	357	197	408
word	0	268	332	333
word	0	192	17	231
word	0	90	258	155
word	0	0	141	65
word	15	330	15	330
word	42	179	349	231
word	104	446	262	497
word	162	0	511	66
word	227	357	305	409
word	283	446	386	511
word	284	90	359	141
word	333	355	511	408
word	353	281	430	333
word	375	191	511	243
word	380	104	417	155
word	410	446	511	498
word	442	102	511	154
word	458	267	511	332
char	0	364	20	412
char	0	274	22	325
char	0	187	19	235
char	0	0	21	57
char	1	441	40	500
char	1	266	7	281
char	1	85	17	145
char	6	266	19	276
char	11	325	16	334
char	13	353	19	363
char	14	263	20	272
char	16	353	21	362
char	21	85	60	144
char	24	275	84	322
char	24	1	63	55
char	25	352	64	411
char	38	186	79	234
char	41	454	79	500
char	60	368	101	411
char	61	98	101	145
char	63	9	101	57
char	78	187	138	233
char	87	263	103	322
char	100	453	140	501
char	100	366	161	411
char	100	100	141	159
char	101	8	143	69
char	103	7	108	16
char	107	275	148	337
char	138	187	177	235
char	141	97	182	158
char	142	453	182	500
char	147	263	190	323
char	158	0	181	70
char	160	366	199	412
char	181	174	221	233
char	181	0	232	56
char	182	453	222	501
char	182	98	221	145
char	194	263	233	322
char	221	174	236	233
char	221	97	260	145
char	223	352	263	411
char	225	441	264	500
char	229	0	258	55
char	233	277	275	323
char	240	186	269	234
char	256	1	296	56
char	264	364	307	413
char	268	174	309	234
char	274	277	334	322
char	279	441	303	511
char	280	98	320	145
char	299	1	341	56
char	303	454	347	501
char	309	188	351	233
char	322	85	361	144
char	325	224	330	233
char	329	352	369	411
char	342	1	382	55
char	347	454	388	501
char	349	276	392	322
char	369	352	408	411
char	371	186	400	233
char	376	99	419	159
char	386	1	425	55
char	392	276	432	337
char	399	187	439	247
char	406	454	468	500
char	407	365	444	412
char	425	1	466	57
char	438	97	480	158
char	439	186	480	235
char	444	350	473	409
char	454	274	497	336
char	466	1	492	56
char	467	441	483	500
char	468	2	474	6
char	470	365	510	412
char	480	97	511	145
char	481	186	511	235
char	484	452	511	502
char	486	448	491	457
char	487	444	495	453
char	488	446	494	455
char	492	7	511	57
char	493	3	499	16
char	493	1	499	10
char	495	4	500	8
char	499	262	511	323
