line	0	1	511	67
line	0	89	511	155
line	0	179	511	244
line	0	267	511	333
line	0	356	511	423
line	0	445	511	511
line	0	506	14	506
line	0	510	9	510
word	0	506	14	511
word	0	445	109	497
word	0	356	161	423
word	0	267	165	333
word	0	181	106	244
word	0	89	80	155
word	0	0	178	67
word	103	89	511	155
word	126	179	455	230
word	132	445	511	511
word	178	356	459	422
word	186	267	204	318
word	199	17	275	67
word	226	267	440	333
word	298	14	331	51
word	354	15	422	66
word	444	0	481	50
word	462	284	498	333
word	476	192	511	229
word	481	356	511	407
word	503	8	511	51
char	0	442	17	501
char	0	366	19	427
char	0	301	2	312
char	0	299	2	308
char	0	294	2	303
char	0	288	2	297
char	0	285	2	295
char	0	283	2	292
char	0	278	2	287
char	0	190	15	248
char	0	98	18	144
char	0	10	18	70
char	1	263	44	321
char	2	505	4	510
char	3	505	11	510
char	5	96	10	105
char	9	501	16	510
char	9	238	14	247
char	14	190	55	233
char	17	440	72	500
char	17	365	60	410
char	17	12	57	70
char	18	84	40	143
char	34	12	40	21
char	39	100	82	159
char	44	262	76	321
char	55	176	82	233
char	57	1	98	54
char	60	366	99	427
char	69	279	109	337
char	72	459	111	500
char	81	176	108	234
char	98	10	136	71
char	99	366	132	410
char	99	98	134	144
char	109	281	167	322
char	122	189	180	234
char	128	455	163	500
char	131	351	163	408
char	134	99	172	144
char	136	1	180	54
char	163	455	199	500
char	172	99	199	144
char	174	365	212	411
char	181	224	186	233
char	181	174	223	231
char	182	262	206	322
char	195	12	238	55
char	200	441	243	499
char	200	101	241	144
char	210	490	217	499
char	212	365	251	411
char	214	490	219	499
char	222	279	261	322
char	223	188	285	232
char	237	12	277	71
char	242	440	264	499
char	242	98	276	144
char	250	366	293	426
char	261	277	302	337
char	264	456	305	499
char	276	99	304	144
char	285	188	313	233
char	292	366	333	426
char	294	9	333	55
char	302	279	358	322
char	304	99	333	144
char	305	441	344	501
char	313	188	352	233
char	333	366	376	410
char	333	98	376	159
char	339	279	344	288
char	342	440	368	511
char	349	279	354	288
char	350	10	384	56
char	352	174	393	232
char	358	262	380	319
char	371	456	413	500
char	375	368	415	411
char	376	85	419	141
char	380	277	442	321
char	384	14	424	70
char	393	188	422	233
char	413	440	439	497
char	415	351	461	410
char	418	100	458	159
char	419	101	424	110
char	420	277	425	286
char	422	187	457	232
char	435	440	460	511
char	440	1	483	54
char	458	279	500	337
char	458	84	491	143
char	463	441	507	499
char	472	187	511	233
char	477	351	511	411
char	485	98	511	159
char	499	3	511	55
char	506	443	511	467
char	508	490	511	499
char	508	474	511	485
char	508	465	511	478
char	508	460	511	469
char	508	441	511	450
