line	0	0	511	67
line	0	89	511	155
line	0	179	158	245
line	0	267	511	333
line	0	358	511	423
line	0	445	511	511
word	0	445	156	497
word	0	358	511	423
word	0	267	16	318
word	0	102	63	154
word	0	0	235	67
word	25	179	98	245
word	40	267	310	332
word	91	90	170	141
word	128	179	158	229
word	177	445	223	497
word	194	89	385	154
word	246	459	281	497
word	261	0	338	53
word	307	445	511	511
word	335	267	360	318
word	365	13	398	53
word	381	279	418	319
word	408	101	511	155
word	427	0	511	66
word	443	281	511	333
char	0	440	7	498
char	0	98	21	158
char	0	8	18	57
char	3	366	40	413
char	3	262	18	322
char	5	453	32	500
char	7	455	13	464
char	20	0	58	56
char	21	186	59	234
char	22	97	65	146
char	31	441	72	501
char	36	276	79	323
char	41	363	80	413
char	57	0	79	71
char	58	174	80	249
char	75	454	114	501
char	80	275	121	336
char	81	365	121	413
char	83	1	99	55
char	85	174	100	233
char	87	85	129	145
char	99	10	160	55
char	118	441	158	500
char	121	276	160	323
char	122	365	182	411
char	124	174	140	233
char	130	85	172	145
char	145	174	160	233
char	159	262	188	320
char	159	9	197	57
char	173	440	225	501
char	185	363	227	426
char	187	277	225	323
char	190	98	251	144
char	196	10	237	71
char	209	277	214	286
char	226	263	269	323
char	227	365	266	412
char	230	10	235	19
char	242	454	283	501
char	251	85	290	144
char	257	1	296	55
char	266	364	305	412
char	272	262	312	322
char	290	98	318	144
char	298	1	340	57
char	303	441	343	501
char	306	364	347	427
char	318	98	357	158
char	331	262	362	322
char	342	454	382	511
char	347	365	388	427
char	357	84	387	144
char	361	8	400	57
char	377	274	420	323
char	385	453	427	511
char	385	353	412	412
char	404	98	443	145
char	409	366	450	410
char	423	1	438	55
char	427	454	463	501
char	436	1	458	70
char	439	276	481	337
char	447	99	487	145
char	450	353	475	412
char	460	7	500	56
char	462	441	484	511
char	476	365	503	412
char	481	277	511	322
char	488	440	511	500
char	488	96	511	159
char	501	0	511	56
char	502	367	511	426
