line	0	0	511	67
line	0	90	511	155
line	0	178	511	245
line	0	268	385	334
line	0	357	511	408
line	0	445	511	511
word	0	445	388	511
word	0	357	38	407
word	0	268	197	334
word	0	179	212	230
word	0	90	271	155
word	0	15	34	66
word	59	370	291	407
word	59	0	208	52
word	221	281	254	319
word	233	0	312	51
word	237	178	313	229
word	277	268	385	319
word	293	90	371	140
word	311	357	511	408
word	333	15	511	67
word	335	179	414	229
word	396	90	489	140
word	411	445	511	496
word	438	193	511	245
word	510	105	511	143
char	0	440	28	499
char	0	364	16	411
char	0	278	10	322
char	0	190	32	234
char	0	99	10	144
char	0	10	36	70
char	2	352	16	369
char	9	98	42	144
char	10	264	36	322
char	16	352	40	411
char	32	187	73	231
char	33	440	61	511
char	34	281	74	338
char	43	85	84	143
char	55	368	114	411
char	55	10	93	56
char	62	457	103	500
char	67	223	72	232
char	73	263	114	319
char	73	174	115	233
char	84	98	117	144
char	94	2	119	55
char	103	440	131	497
char	107	2	112	6
char	114	365	142	411
char	115	263	158	322
char	115	188	149	234
char	118	98	151	144
char	118	0	141	54
char	128	441	196	499
char	141	1	182	55
char	142	366	175	411
char	148	176	174	233
char	151	85	194	143
char	158	278	199	337
char	174	174	214	233
char	176	368	216	411
char	182	10	210	55
char	186	490	191	499
char	194	85	234	145
char	195	441	236	499
char	217	365	259	411
char	217	276	256	323
char	229	12	271	55
char	233	188	268	233
char	233	101	273	159
char	235	441	275	501
char	259	365	293	411
char	268	173	315	232
char	271	0	314	55
char	273	263	316	323
char	274	440	299	511
char	289	85	331	144
char	301	456	341	499
char	307	367	348	411
char	316	277	350	321
char	329	12	371	71
char	331	174	376	232
char	331	85	373	144
char	341	441	363	499
char	348	352	391	411
char	350	277	387	323
char	362	455	390	500
char	369	12	408	54
char	375	174	416	233
char	388	370	445	412
char	392	85	437	143
char	407	440	432	499
char	409	10	445	55
char	431	459	469	500
char	434	188	477	233
char	435	103	491	144
char	444	367	485	411
char	446	10	479	54
char	469	454	502	498
char	476	192	511	249
char	477	13	511	55
char	486	365	511	412
char	486	12	491	21
char	501	441	511	500
char	506	100	511	147
