line	0	0	511	66
line	0	89	511	155
line	0	178	511	245
line	0	267	511	333
line	0	355	511	423
line	0	445	511	511
word	0	445	129	496
word	0	374	5	409
word	0	273	58	318
word	0	178	327	245
word	0	89	112	155
word	0	16	238	66
word	28	356	168	408
word	82	267	116	319
word	138	267	511	333
word	139	89	326	155
word	150	445	348	511
word	187	355	319	423
word	258	0	482	66
word	341	355	511	408
word	345	194	379	245
word	349	105	442	141
word	368	462	402	496
word	403	178	498	230
word	422	445	496	496
word	463	106	511	141
word	502	15	511	50
char	0	457	10	500
char	0	369	7	413
char	0	277	12	322
char	0	189	31	249
char	0	100	23	145
char	0	13	7	57
char	7	12	40	56
char	10	456	46	500
char	10	268	34	322
char	23	101	61	159
char	24	367	58	412
char	31	173	71	233
char	34	280	60	322
char	38	12	97	52
char	46	457	72	500
char	58	351	78	410
char	59	84	114	159
char	67	192	107	233
char	72	440	94	499
char	78	262	118	323
char	79	369	114	411
char	92	460	131	499
char	96	12	127	56
char	106	173	126	230
char	114	369	170	412
char	127	173	187	233
char	127	12	165	70
char	134	278	162	323
char	135	84	170	143
char	146	440	169	499
char	158	103	196	159
char	162	282	215	322
char	165	11	202	55
char	167	440	205	500
char	183	350	226	410
char	186	193	226	248
char	195	101	234	159
char	202	15	240	52
char	204	456	238	500
char	214	280	268	322
char	224	368	260	427
char	224	190	255	230
char	234	100	262	145
char	237	440	276	497
char	254	173	279	249
char	254	12	295	56
char	259	353	282	409
char	262	101	297	145
char	267	279	305	322
char	275	457	314	511
char	280	173	329	233
char	281	351	302	410
char	293	0	333	52
char	296	101	328	144
char	301	351	321	410
char	304	279	343	319
char	308	173	313	182
char	310	459	350	498
char	332	0	352	54
char	337	368	376	410
char	341	189	381	249
char	343	279	376	323
char	345	100	382	145
char	352	13	391	70
char	364	457	404	500
char	375	279	406	323
char	376	367	435	410
char	383	100	411	145
char	388	1	446	55
char	399	190	434	234
char	406	279	444	337
char	411	101	444	145
char	418	440	458	500
char	434	351	495	412
char	434	189	460	233
char	443	262	483	321
char	445	0	484	52
char	458	459	498	500
char	459	102	500	145
char	460	173	500	232
char	480	282	511	321
char	492	350	511	411
char	498	11	511	54
char	500	101	511	145
char	501	10	506	19
