line	0	4	511	72
line	0	94	511	159
line	0	199	31	232
line	0	270	511	335
line	0	331	6	332
line	0	358	511	424
line	0	446	511	511
word	0	446	47	496
word	0	358	143	409
word	0	287	11	332
word	0	199	31	232
word	0	94	73	145
word	0	2	40	57
word	30	270	352	335
word	61	24	95	57
word	68	463	95	497
word	95	100	185	159
word	117	446	332	511
word	117	2	185	72
word	165	376	251	408
word	206	94	490	159
word	210	5	277	57
word	272	364	327	423
word	288	24	361	72
word	347	358	438	424
word	355	446	403	511
word	374	270	450	321
word	380	6	511	57
word	430	462	511	497
word	458	374	482	408
word	469	270	511	321
word	500	374	511	408
word	512	124	511	125
word	511	111	511	116
char	0	441	49	500
char	0	370	31	413
char	0	282	13	332
char	0	194	33	236
char	0	89	48	149
char	0	17	21	61
char	2	327	4	336
char	3	444	8	453
char	3	326	8	335
char	21	4	42	60
char	26	281	87	324
char	30	370	62	412
char	49	105	75	148
char	57	19	97	61
char	61	370	93	412
char	64	458	97	501
char	85	265	125	325
char	91	95	116	149
char	93	370	125	412
char	112	107	149	163
char	113	441	155	500
char	113	18	151	76
char	123	265	178	324
char	124	353	145	412
char	149	106	187	163
char	151	1	166	59
char	153	459	187	500
char	161	371	216	412
char	163	4	187	76
char	167	284	206	324
char	188	457	225	511
char	202	105	243	148
char	205	265	226	324
char	206	18	247	61
char	215	371	253	412
char	224	461	263	500
char	226	265	278	339
char	242	106	277	149
char	246	5	279	60
char	262	458	298	511
char	268	369	309	427
char	278	106	305	148
char	281	265	320	325
char	284	19	324	60
char	296	441	334	500
char	305	105	344	148
char	306	359	329	410
char	317	283	354	339
char	323	19	363	76
char	343	353	366	412
char	344	106	375	149
char	351	441	405	511
char	364	370	402	412
char	370	265	413	325
char	374	109	412	146
char	376	18	437	60
char	400	373	440	428
char	412	106	450	163
char	413	265	452	324
char	426	458	460	501
char	435	1	474	61
char	449	89	492	148
char	454	369	484	412
char	460	457	495	501
char	465	265	511	325
char	473	1	511	61
char	495	461	511	500
char	496	369	511	412
char	507	110	511	120
char	507	106	511	116
char	508	119	511	129
