line	0	0	511	62
line	0	85	511	151
line	0	146	10	148
line	0	150	8	150
line	0	175	511	242
line	0	265	511	332
line	0	445	511	511
word	0	455	9	498
word	0	265	380	332
word	0	175	329	241
word	0	85	204	150
word	0	11	55	62
word	32	445	453	511
word	75	0	439	62
word	228	85	511	151
word	349	191	385	226
word	400	265	511	332
word	405	175	511	242
word	464	12	511	47
word	466	445	511	511
char	0	455	11	502
char	0	260	13	335
char	0	186	11	231
char	0	97	13	146
char	0	6	19	49
char	2	143	4	152
char	2	141	11	152
char	4	450	10	462
char	4	145	10	154
char	6	141	12	150
char	11	186	68	229
char	13	276	54	319
char	13	97	40	140
char	17	10	57	66
char	28	457	68	500
char	39	80	77	140
char	52	280	91	319
char	67	440	106	499
char	68	187	107	245
char	71	8	113	65
char	77	100	116	138
char	89	260	127	321
char	104	460	152	500
char	106	189	144	227
char	112	0	151	47
char	116	97	150	141
char	126	277	164	335
char	143	170	183	229
char	145	220	151	229
char	148	7	187	49
char	149	97	185	141
char	151	440	175	511
char	156	7	161	16
char	159	7	164	16
char	164	276	204	335
char	168	7	173	16
char	170	7	179	16
char	176	440	215	500
char	182	187	218	231
char	184	7	245	49
char	185	80	206	138
char	198	130	206	139
char	203	276	238	320
char	215	440	253	501
char	218	170	240	229
char	224	97	261	140
char	239	260	278	319
char	240	187	273	230
char	244	7	282	65
char	253	440	288	499
char	261	80	301	139
char	271	187	331	229
char	273	220	279	229
char	277	458	304	499
char	278	277	310	321
char	281	7	320	65
char	284	130	289	139
char	286	130	291	139
char	300	80	320	139
char	302	460	341	500
char	310	276	342	321
char	319	100	359	141
char	320	7	354	49
char	324	220	330	229
char	341	456	379	511
char	341	280	382	336
char	345	186	387	230
char	352	7	385	50
char	358	80	391	137
char	375	130	380	139
char	376	458	415	500
char	382	100	420	139
char	384	0	441	66
char	396	277	438	336
char	401	188	443	230
char	413	440	455	497
char	420	80	457	141
char	438	260	477	335
char	442	187	479	246
char	455	87	479	141
char	460	7	489	51
char	462	440	488	511
char	474	260	499	336
char	476	98	511	155
char	479	170	499	227
char	480	220	486	229
char	489	440	511	499
char	489	9	511	51
char	498	188	511	229
char	499	277	511	322
