line	0	0	511	61
line	0	85	511	151
line	0	175	511	241
line	0	265	511	331
line	0	354	511	421
line	0	445	511	511
word	0	457	15	497
word	0	354	511	421
word	0	278	30	316
word	0	175	189	228
word	0	85	223	151
word	0	0	511	61
word	41	458	74	511
word	55	265	293	331
word	104	445	439	511
word	215	188	247	240
word	245	99	314	151
word	275	188	346	240
word	321	278	351	318
word	331	85	346	151
word	372	175	498	241
word	376	85	460	151
word	377	265	511	331
word	464	458	511	496
word	486	85	511	148
word	510	267	511	269
char	0	452	17	501
char	0	349	58	410
char	0	273	32	320
char	0	93	15	155
char	0	0	37	51
char	2	184	35	231
char	16	93	53	141
char	19	364	24	373
char	35	183	75	230
char	37	453	76	511
char	37	4	91	50
char	51	273	89	334
char	55	80	67	140
char	57	364	95	425
char	67	80	94	140
char	76	170	111	230
char	89	273	127	335
char	90	3	127	65
char	92	350	115	411
char	93	80	128	140
char	100	454	135	501
char	113	170	151	232
char	115	364	171	410
char	129	273	169	323
char	130	93	167	141
char	131	0	168	51
char	137	454	176	511
char	151	183	191	230
char	166	81	189	141
char	167	5	202	51
char	171	363	211	410
char	171	273	210	335
char	176	454	215	511
char	189	80	225	140
char	202	3	240	52
char	209	274	247	319
char	211	350	222	410
char	211	183	249	244
char	215	453	250	510
char	227	363	283	410
char	239	274	244	283
char	241	94	280	155
char	241	3	265	50
char	245	274	278	320
char	249	440	267	511
char	264	0	300	51
char	269	453	308	511
char	271	183	309	244
char	276	260	295	335
char	278	94	316	140
char	283	364	322	410
char	304	0	316	50
char	308	454	347	500
char	312	183	348	230
char	315	0	320	4
char	317	273	353	322
char	319	364	374	410
char	319	0	332	50
char	327	80	348	155
char	332	3	372	51
char	347	453	386	501
char	368	184	408	245
char	372	80	408	140
char	373	363	408	411
char	373	273	413	321
char	373	4	408	51
char	388	440	400	500
char	404	440	441	500
char	408	364	445	410
char	408	170	420	230
char	408	80	420	140
char	412	0	448	50
char	413	274	450	322
char	421	183	462	232
char	424	93	462	155
char	444	364	481	410
char	452	260	464	320
char	452	4	488	51
char	460	453	511	500
char	462	170	500	232
char	466	273	504	335
char	480	364	511	410
char	482	80	511	146
char	483	88	490	97
char	484	139	494	152
char	492	0	511	51
char	499	137	506	146
char	504	272	511	326
char	506	262	511	271
char	507	319	511	328
char	507	264	510	273
