line	0	0	511	67
line	0	90	511	157
line	0	179	511	244
line	0	267	511	333
line	0	355	511	421
line	0	459	14	497
word	0	459	14	497
word	0	358	168	421
word	0	267	129	319
word	0	192	22	229
word	0	102	13	157
word	0	0	64	66
word	40	90	72	142
word	43	179	132	243
word	93	0	100	51
word	102	103	172	155
word	128	0	235	65
word	153	268	258	318
word	161	179	231	244
word	191	369	417	409
word	201	90	511	155
word	257	191	385	244
word	260	0	511	67
word	285	268	511	333
word	413	191	486	232
word	442	355	465	407
word	482	370	511	407
word	509	59	511	66
char	0	454	16	501
char	0	366	30	412
char	0	276	14	323
char	0	210	2	219
char	0	187	24	233
char	0	97	15	161
char	0	9	11	55
char	7	1	27	70
char	18	276	74	322
char	28	9	66	69
char	30	364	66	411
char	36	85	74	146
char	39	187	78	247
char	70	365	107	425
char	74	262	101	322
char	82	174	120	235
char	89	1	102	55
char	97	277	131	323
char	98	98	136	159
char	108	365	147	413
char	122	174	134	233
char	124	9	162	69
char	136	98	174	159
char	147	353	170	412
char	149	277	189	322
char	157	187	195	248
char	165	1	202	56
char	187	365	227	413
char	189	263	200	322
char	197	174	233	233
char	197	85	235	146
char	201	1	237	55
char	204	276	260	322
char	226	368	264	410
char	235	97	273	159
char	253	188	291	233
char	256	10	364	55
char	264	365	300	411
char	277	98	302	144
char	281	276	321	324
char	290	187	328	248
char	301	364	341	413
char	302	98	325	145
char	323	276	359	324
char	324	85	360	145
char	328	186	352	234
char	343	366	379	413
char	351	187	387	247
char	359	276	399	322
char	361	10	399	71
char	364	85	399	159
char	383	365	419	413
char	398	276	424	322
char	399	9	434	70
char	402	98	442	146
char	409	187	449	236
char	424	275	448	322
char	438	350	467	411
char	438	1	476	57
char	441	86	464	145
char	447	263	457	322
char	449	186	488	235
char	458	276	497	337
char	464	98	489	144
char	478	365	511	411
char	478	0	511	56
char	489	98	511	144
char	494	276	511	322
char	505	54	511	70
