line	0	0	511	67
line	0	89	511	155
line	0	178	511	245
line	0	267	511	333
line	0	356	511	423
line	0	445	511	511
word	0	460	46	511
word	0	370	90	422
word	0	267	6	316
word	0	192	13	245
word	0	103	8	141
word	0	0	172	67
word	24	268	151	319
word	30	90	100	139
word	35	178	511	245
word	69	445	511	511
word	114	356	306	423
word	123	91	268	155
word	176	281	388	333
word	193	17	229	66
word	251	0	395	52
word	290	89	377	155
word	328	370	357	407
word	379	356	492	422
word	400	92	501	155
word	413	282	511	333
word	416	0	454	50
word	476	17	511	51
char	0	455	10	499
char	0	367	51	412
char	0	262	8	320
char	0	187	15	249
char	0	98	10	145
char	0	0	15	55
char	8	457	48	511
char	11	457	16	466
char	14	0	39	71
char	20	276	59	323
char	22	457	28	466
char	26	98	62	143
char	31	174	74	233
char	42	4	69	55
char	45	2	53	6
char	51	365	92	426
char	53	2	58	6
char	58	263	80	320
char	61	85	102	143
char	65	455	107	511
char	69	1	95	56
char	74	188	116	249
char	80	278	117	323
char	92	134	97	143
char	94	134	99	143
char	95	0	136	55
char	96	134	101	143
char	107	459	147	511
char	110	368	151	411
char	116	192	155	233
char	117	276	153	323
char	119	101	159	145
char	135	14	174	53
char	147	455	180	498
char	151	368	187	427
char	154	174	198	233
char	159	99	200	159
char	172	276	210	323
char	179	441	220	501
char	186	351	211	427
char	189	12	231	70
char	197	189	234	248
char	200	98	243	159
char	210	276	239	323
char	214	366	249	411
char	220	440	250	498
char	231	490	237	499
char	234	188	272	248
char	238	490	245	499
char	239	277	280	337
char	242	86	270	144
char	246	442	288	499
char	247	10	285	55
char	248	354	275	411
char	272	188	300	232
char	275	368	308	410
char	281	279	323	322
char	285	0	328	55
char	286	99	315	145
char	287	441	310	499
char	300	187	334	233
char	310	456	351	511
char	316	84	338	144
char	323	276	361	323
char	324	365	359	411
char	328	13	369	55
char	334	173	356	230
char	338	100	379	159
char	352	455	393	497
char	356	174	397	233
char	361	276	390	322
char	369	4	397	56
char	375	366	414	412
char	392	459	431	500
char	396	87	424	145
char	397	174	440	232
char	409	277	448	322
char	412	1	456	54
char	413	351	456	411
char	424	100	466	159
char	431	454	493	497
char	440	188	501	232
char	448	277	475	322
char	455	367	494	426
char	464	101	503	141
char	472	12	511	55
char	475	281	511	337
char	478	490	485	499
char	493	441	511	499
char	500	174	511	233
