line	0	7	511	71
line	0	93	511	158
line	0	182	511	247
line	0	271	165	335
line	0	359	511	423
line	0	446	511	511
word	0	459	33	511
word	0	359	261	422
word	0	271	122	335
word	0	197	11	246
word	0	93	511	158
word	0	7	198	57
word	33	182	476	247
word	57	446	138	496
word	147	271	165	321
word	165	447	237	497
word	222	7	318	57
word	253	446	511	511
word	288	359	511	423
word	343	20	511	71
word	502	185	511	233
char	0	454	35	510
char	0	365	30	412
char	0	279	14	325
char	0	192	13	250
char	0	102	15	150
char	0	15	12	61
char	14	14	39	60
char	15	89	53	149
char	16	279	53	325
char	29	191	68	236
char	30	354	65	412
char	31	4	39	15
char	33	8	38	18
char	38	2	73	60
char	53	441	80	500
char	53	279	107	324
char	53	104	108	148
char	65	368	100	413
char	68	191	101	237
char	72	15	128	60
char	78	441	88	500
char	92	442	129	500
char	100	354	137	413
char	101	192	154	236
char	105	266	124	339
char	107	103	141	149
char	127	15	163	61
char	128	442	140	500
char	137	368	190	412
char	141	104	194	148
char	143	266	167	325
char	154	178	166	236
char	161	454	201	501
char	162	15	200	61
char	168	190	207	238
char	189	367	226	414
char	194	102	249	148
char	203	442	239	500
char	209	191	234	236
char	218	15	272	60
char	225	367	263	426
char	234	192	268	237
char	249	442	269	511
char	252	102	290	162
char	269	177	315	237
char	272	15	306	61
char	273	441	309	500
char	284	354	296	412
char	292	89	329	149
char	297	367	333	413
char	308	2	320	60
char	309	442	320	501
char	311	192	348	237
char	322	454	358	501
char	328	88	354	148
char	333	367	369	413
char	339	15	378	60
char	349	191	386	237
char	350	104	388	149
char	358	455	397	501
char	371	354	407	412
char	378	15	414	63
char	386	190	420	236
char	387	89	412	146
char	399	442	435	500
char	403	139	409	148
char	406	367	443	413
char	410	90	422	148
char	413	15	451	74
char	418	178	436	251
char	422	91	445	149
char	434	456	469	502
char	439	189	478	237
char	442	89	469	148
char	443	367	479	413
char	453	15	477	60
char	466	89	475	148
char	468	458	499	511
char	476	15	510	75
char	478	103	511	149
char	479	367	511	427
char	498	441	511	511
char	498	180	511	237
