line	0	0	511	61
line	0	85	511	151
line	0	90	18	90
line	0	175	511	241
line	494	177	511	178
line	0	265	511	331
line	339	276	339	276
line	0	355	511	421
line	0	445	511	511
word	0	458	38	497
word	0	367	103	407
word	0	265	91	317
word	0	175	60	228
word	0	90	21	150
word	0	0	441	61
word	45	97	80	137
word	65	445	463	511
word	89	188	122	226
word	109	99	142	137
word	115	276	280	331
word	131	367	212	421
word	150	175	292	241
word	172	97	278	151
word	240	367	295	406
word	300	85	511	151
word	306	276	342	330
word	317	187	511	241
word	322	355	489	421
word	365	278	404	316
word	427	278	461	318
word	464	8	507	46
word	487	277	511	318
word	491	457	511	496
word	494	177	494	178
word	511	374	511	408
char	0	362	41	411
char	0	270	21	321
char	0	171	21	230
char	0	87	23	154
char	0	45	2	55
char	0	34	4	49
char	0	31	4	41
char	0	0	26	65
char	1	263	10	277
char	1	29	3	38
char	1	19	3	28
char	2	453	40	501
char	7	85	12	94
char	9	170	17	179
char	10	176	15	185
char	11	85	16	94
char	13	268	19	277
char	13	262	21	275
char	13	180	18	189
char	15	85	20	94
char	22	182	62	232
char	23	260	65	321
char	25	3	68	51
char	41	92	82	141
char	45	363	105	410
char	61	440	102	500
char	66	261	93	321
char	69	3	109	50
char	85	183	124	230
char	102	453	145	511
char	105	94	144	141
char	109	3	170	50
char	111	273	153	334
char	127	363	171	412
char	146	183	189	245
char	149	440	164	500
char	154	273	197	335
char	168	453	229	500
char	168	93	198	141
char	170	3	209	52
char	172	362	214	425
char	192	170	232	231
char	198	271	240	334
char	198	94	236	141
char	209	5	250	65
char	231	171	256	231
char	232	440	274	501
char	236	362	297	410
char	238	92	280	155
char	240	274	282	335
char	251	2	291	52
char	255	185	294	231
char	274	452	314	501
char	292	2	335	51
char	296	80	320	155
char	302	273	344	334
char	313	183	356	245
char	316	453	355	500
char	318	363	360	425
char	320	80	349	141
char	335	271	340	280
char	337	2	379	64
char	349	93	377	140
char	357	183	399	245
char	360	440	400	500
char	361	273	406	320
char	364	350	406	411
char	377	93	415	140
char	378	0	405	51
char	403	182	443	231
char	404	440	419	500
char	404	3	443	51
char	405	350	491	410
char	419	80	461	141
char	423	440	465	501
char	423	273	463	322
char	444	183	487	245
char	460	3	504	50
char	461	93	500	141
char	483	272	511	322
char	487	452	511	500
char	488	182	511	245
char	490	172	496	182
char	500	96	511	139
char	507	369	511	412
