line	0	0	511	67
line	0	90	511	155
line	0	178	511	245
line	0	267	511	333
line	0	356	511	423
line	0	445	511	511
word	0	446	421	511
word	0	356	511	423
word	0	267	147	331
word	0	192	115	245
word	0	103	48	141
word	0	0	322	67
word	73	90	139	154
word	142	192	175	245
word	169	90	282	155
word	174	281	367	333
word	196	178	421	245
word	307	103	511	141
word	349	0	433	52
word	395	281	444	318
word	447	445	511	511
word	450	179	511	232
word	461	0	511	53
word	473	281	511	319
word	494	238	497	241
char	0	442	15	501
char	0	365	14	426
char	0	277	14	335
char	0	187	81	234
char	0	98	14	145
char	0	9	12	58
char	12	100	50	144
char	13	98	19	108
char	14	276	70	322
char	14	9	39	55
char	15	454	52	501
char	18	364	74	411
char	38	9	74	71
char	54	454	92	510
char	69	85	105	145
char	70	262	96	322
char	76	7	116	57
char	78	364	134	411
char	80	187	117	249
char	94	441	131	501
char	94	276	149	322
char	105	100	141	158
char	116	2	138	56
char	117	2	122	6
char	132	454	170	511
char	136	12	173	55
char	137	351	173	412
char	138	187	177	249
char	165	98	203	158
char	170	454	207	500
char	170	276	208	336
char	173	365	198	411
char	173	9	198	55
char	192	174	212	249
char	197	9	234	57
char	198	366	232	413
char	202	101	235	159
char	207	455	244	500
char	210	276	250	325
char	213	187	251	234
char	234	365	272	427
char	234	85	252	159
char	237	1	272	56
char	244	454	280	501
char	249	276	288	337
char	250	173	307	233
char	256	85	268	144
char	272	85	284	144
char	273	366	311	411
char	275	0	324	71
char	279	454	311	501
char	289	276	329	323
char	298	57	305	69
char	303	98	343	144
char	306	187	344	235
char	309	441	327	511
char	310	365	345	413
char	329	454	369	501
char	329	276	369	323
char	342	98	380	145
char	345	9	382	56
char	346	186	384	248
char	347	352	385	413
char	371	441	406	500
char	380	99	434	144
char	381	1	419	56
char	384	187	423	249
char	385	367	421	410
char	390	135	395	144
char	391	276	446	322
char	404	441	423	511
char	410	135	415	144
char	420	366	457	426
char	423	1	435	55
char	433	98	472	145
char	443	454	482	511
char	446	185	469	233
char	456	366	493	427
char	457	9	497	57
char	466	174	490	235
char	469	276	506	323
char	472	101	509	142
char	482	440	511	501
char	489	187	511	236
char	490	235	499	245
char	491	176	498	186
char	492	233	497	242
char	493	352	511	412
char	495	176	500	185
char	497	1	511	54
char	507	290	511	320
char	507	287	511	297
char	507	284	511	294
char	507	277	511	287
char	508	313	511	322
char	508	280	511	290
