line	0	4	511	71
line	0	94	395	160
line	0	182	511	248
line	0	270	511	321
line	0	358	511	424
line	0	446	511	511
word	0	446	116	497
word	0	358	220	424
word	0	270	231	321
word	0	182	318	248
word	0	110	6	145
word	0	6	97	57
word	28	110	57	144
word	78	94	254	159
word	120	6	152	71
word	135	446	245	511
word	179	2	511	71
word	242	375	297	408
word	252	270	309	321
word	268	462	300	511
word	274	94	395	160
word	318	358	487	424
word	321	446	511	511
word	327	270	511	321
word	343	198	398	232
word	418	199	511	233
word	501	359	511	424
char	0	445	2	454
char	0	441	42	501
char	0	369	30	413
char	0	271	16	325
char	0	194	12	251
char	0	105	8	149
char	0	1	48	61
char	3	4	8	13
char	5	4	10	13
char	12	194	43	236
char	14	271	71	325
char	24	105	59	148
char	30	370	66	427
char	42	457	74	501
char	43	194	75	237
char	47	1	68	60
char	65	373	119	412
char	68	18	99	61
char	70	285	108	325
char	74	447	96	500
char	74	105	110	148
char	75	177	109	236
char	94	447	118	500
char	100	195	130	237
char	101	194	106	203
char	106	265	144	324
char	110	109	149	163
char	116	1	133	60
char	118	369	157	428
char	131	441	170	500
char	131	177	164	236
char	131	1	154	75
char	144	282	180	325
char	149	106	179	147
char	154	369	186	412
char	155	194	190	236
char	169	447	192	501
char	175	1	214	61
char	179	89	217	147
char	180	265	201	324
char	185	353	222	412
char	189	459	226	511
char	190	194	248	235
char	202	282	233	325
char	213	1	234	60
char	215	89	256	148
char	226	441	247	500
char	234	19	265	61
char	238	370	299	412
char	247	177	267	236
char	248	271	273	325
char	264	457	302	511
char	265	177	298	237
char	265	18	303	75
char	270	106	303	148
char	272	265	311	325
char	297	177	320	252
char	303	89	324	148
char	303	18	329	60
char	314	353	354	413
char	317	458	358	511
char	322	106	359	163
char	323	281	382	324
char	329	18	362	61
char	339	193	400	236
char	352	371	389	428
char	357	441	397	511
char	360	105	397	164
char	362	4	400	61
char	381	265	421	324
char	388	373	426	411
char	398	459	437	500
char	400	1	458	60
char	414	194	454	236
char	420	265	457	325
char	425	370	458	412
char	436	457	474	500
char	454	194	485	237
char	456	265	476	323
char	457	370	489	412
char	458	21	496	60
char	473	461	511	500
char	476	283	510	325
char	484	194	511	234
char	495	1	511	60
char	497	354	511	428
