line	0	0	511	61
line	0	84	511	137
line	0	175	511	240
line	0	265	511	330
line	0	355	511	420
line	0	445	511	511
word	0	445	167	511
word	0	265	159	330
word	0	175	344	228
word	0	84	82	137
word	0	0	43	47
word	26	355	106	407
word	64	0	511	61
word	106	85	311	137
word	130	355	499	420
word	188	265	261	316
word	196	445	259	496
word	282	265	336	317
word	284	445	508	511
word	335	98	452	137
word	361	278	418	316
word	371	175	511	240
word	443	276	511	317
word	478	96	511	136
char	0	452	19	501
char	0	273	38	321
char	0	183	41	230
char	0	82	7	141
char	0	3	6	51
char	5	79	21	140
char	5	0	45	50
char	19	453	61	511
char	22	350	62	410
char	25	80	42	140
char	37	260	67	320
char	41	93	84	140
char	44	183	105	230
char	58	278	63	287
char	60	275	121	320
char	60	0	84	65
char	65	440	104	500
char	65	350	108	411
char	88	0	105	50
char	102	92	143	141
char	106	183	147	232
char	109	440	124	500
char	109	0	149	50
char	120	272	161	334
char	124	440	129	449
char	126	453	169	511
char	126	363	188	411
char	142	80	171	139
char	147	185	187	229
char	150	2	194	52
char	168	94	209	141
char	184	260	200	320
char	186	170	216	230
char	187	361	226	411
char	192	451	222	500
char	196	2	238	64
char	200	273	263	320
char	210	185	269	230
char	211	93	272	140
char	214	441	220	451
char	221	440	261	500
char	226	350	252	411
char	238	3	277	51
char	252	363	293	424
char	267	184	309	230
char	273	92	313	141
char	278	272	319	321
char	280	451	322	510
char	280	0	319	50
char	294	362	337	411
char	309	170	325	230
char	319	3	360	65
char	321	455	363	498
char	322	260	338	320
char	329	170	346	230
char	331	94	374	140
char	337	365	378	409
char	357	273	420	320
char	361	2	403	65
char	363	453	403	511
char	367	183	410	244
char	374	93	412	141
char	377	364	419	409
char	405	453	441	501
char	407	0	448	51
char	411	183	452	232
char	412	364	419	373
char	412	95	454	138
char	420	350	460	411
char	439	272	499	320
char	440	440	462	511
char	448	6	490	49
char	453	183	482	230
char	460	363	501	411
char	464	451	505	501
char	474	91	511	140
char	482	170	498	230
char	486	363	491	372
char	491	3	511	51
char	496	183	511	231
char	502	271	511	321
