line	0	7	511	70
line	0	95	170	159
line	0	182	511	247
line	0	271	511	335
line	0	276	10	276
line	0	358	511	423
line	0	446	511	511
word	0	447	121	511
word	0	358	149	423
word	0	282	216	321
word	0	183	151	247
word	0	95	12	145
word	0	7	198	57
word	11	276	11	276
word	41	107	170	159
word	151	459	300	511
word	171	182	511	247
word	179	358	509	409
word	221	7	384	57
word	237	283	323	334
word	321	460	427	511
word	342	271	511	335
word	407	19	511	70
word	450	446	511	498
word	502	331	511	332
word	507	504	511	507
char	0	454	34	511
char	0	367	14	426
char	0	277	12	325
char	0	178	18	238
char	0	90	14	149
char	0	16	29	60
char	7	271	12	280
char	12	280	48	322
char	15	367	53	427
char	18	191	55	251
char	29	14	67	61
char	34	455	73	511
char	37	102	75	162
char	48	279	83	325
char	55	192	93	251
char	57	353	94	413
char	67	2	89	61
char	72	455	107	501
char	75	104	111	148
char	84	279	143	324
char	89	2	100	60
char	91	190	125	237
char	95	354	116	413
char	104	15	159	60
char	106	442	123	511
char	110	280	115	289
char	110	104	147	163
char	115	368	151	427
char	124	367	129	376
char	127	191	153	236
char	142	278	180	325
char	147	454	202	500
char	147	102	172	148
char	160	14	200	61
char	167	178	191	238
char	175	367	210	413
char	180	279	218	325
char	188	193	224	251
char	202	456	241	511
char	210	367	265	412
char	217	15	257	60
char	224	192	260	251
char	233	280	288	324
char	240	454	274	501
char	257	15	291	61
char	261	191	295	236
char	264	366	302	413
char	276	454	302	500
char	288	278	325	338
char	290	3	312	61
char	296	191	336	251
char	304	354	340	412
char	310	2	347	61
char	317	455	356	501
char	332	177	374	237
char	338	353	362	412
char	338	266	359	339
char	347	15	386	60
char	357	455	393	501
char	359	367	393	413
char	360	278	399	326
char	374	191	409	236
char	392	458	429	511
char	395	367	430	413
char	400	279	437	339
char	403	14	443	61
char	413	190	448	236
char	431	367	467	413
char	441	266	453	324
char	443	15	481	61
char	446	442	484	501
char	450	190	488	250
char	457	266	492	324
char	467	366	506	413
char	482	14	511	74
char	487	441	511	502
char	489	178	511	240
char	490	234	511	250
char	492	279	511	326
char	498	327	503	336
char	503	500	509	509
char	504	499	511	511
char	504	279	511	288
char	507	326	510	335
char	507	233	511	242
char	508	235	511	244
