line	0	5	511	71
line	0	94	511	159
line	0	182	511	247
line	0	182	9	186
line	0	270	511	335
line	0	329	10	335
line	0	358	394	424
line	0	446	511	511
word	0	463	28	496
word	0	375	47	424
word	0	270	81	335
word	0	196	37	233
word	0	110	59	159
word	0	5	118	71
word	1	182	9	186
word	50	462	179	511
word	59	182	374	247
word	68	358	84	408
word	80	94	242	145
word	99	358	119	424
word	105	287	170	320
word	140	6	395	71
word	143	358	252	423
word	190	270	470	335
word	197	446	444	496
word	264	94	421	145
word	272	374	337	409
word	360	358	394	408
word	394	182	427	232
word	418	6	511	56
word	437	94	456	159
word	449	200	500	233
word	468	463	499	496
word	483	94	511	144
word	491	287	511	321
word	511	15	511	15
word	511	9	511	9
char	0	480	2	492
char	0	458	3	487
char	0	370	10	414
char	0	283	12	330
char	0	191	8	236
char	0	105	31	163
char	0	18	4	61
char	2	407	4	416
char	2	324	12	339
char	2	177	11	190
char	3	458	30	500
char	3	5	27	75
char	6	193	39	237
char	8	371	49	428
char	10	265	47	324
char	28	17	89	60
char	30	106	61	147
char	46	457	85	511
char	47	282	83	325
char	55	193	90	236
char	64	353	86	412
char	76	105	137	148
char	85	461	123	498
char	88	18	120	60
char	89	194	123	236
char	95	353	121	428
char	101	282	172	324
char	123	458	154	500
char	123	177	161	236
char	136	89	172	149
char	136	1	157	60
char	139	369	179	427
char	153	458	181	499
char	157	1	231	60
char	160	195	198	237
char	161	195	166	204
char	170	89	209	146
char	179	373	216	411
char	186	281	239	324
char	193	457	234	500
char	197	181	220	236
char	207	89	244	148
char	216	353	254	413
char	220	195	250	236
char	229	21	266	61
char	234	458	302	500
char	238	265	262	339
char	250	194	282	237
char	260	89	299	148
char	265	281	298	324
char	265	18	303	58
char	268	371	308	413
char	282	177	319	237
char	298	265	336	325
char	299	105	332	149
char	302	441	322	500
char	302	18	361	60
char	307	369	339	412
char	318	177	339	234
char	321	461	358	500
char	332	106	364	148
char	333	285	371	324
char	339	195	376	251
char	356	459	411	500
char	356	353	396	412
char	360	18	397	75
char	364	106	397	148
char	371	282	406	324
char	390	177	429	236
char	397	106	423	148
char	406	281	435	324
char	409	441	446	500
char	414	1	448	60
char	433	89	458	163
char	435	282	472	339
char	438	21	476	60
char	445	195	502	237
char	464	458	501	500
char	476	18	511	60
char	479	89	511	148
char	487	282	511	325
char	507	10	511	19
char	507	4	510	13
