line	0	0	511	61
line	0	85	511	151
line	0	175	511	241
line	0	265	511	331
line	0	355	511	421
line	0	445	511	511
word	0	445	511	511
word	0	355	446	421
word	0	265	262	331
word	0	175	215	241
word	0	85	266	151
word	0	8	88	61
word	24	85	24	87
word	115	0	228	47
word	241	189	275	227
word	254	0	372	47
word	288	265	511	331
word	296	85	407	150
word	299	189	334	227
word	357	175	490	241
word	401	0	407	46
word	428	85	511	137
word	437	8	511	60
word	472	368	511	407
char	0	451	15	500
char	0	363	13	411
char	0	271	15	320
char	0	184	15	245
char	0	93	17	141
char	0	4	15	51
char	1	261	4	273
char	1	260	15	277
char	14	363	50	411
char	14	3	51	65
char	15	440	51	500
char	15	170	27	231
char	19	260	32	320
char	19	91	39	140
char	20	80	26	91
char	26	183	67	230
char	33	273	72	335
char	33	80	38	90
char	35	80	55	155
char	49	364	87	409
char	52	453	91	511
char	53	3	90	52
char	57	94	94	142
char	67	183	103	230
char	71	273	112	320
char	87	364	123	411
char	91	440	118	500
char	96	80	132	140
char	107	170	119	230
char	111	0	149	51
char	112	260	149	321
char	117	440	151	500
char	121	183	161	232
char	125	363	164	425
char	136	94	172	141
char	148	274	203	320
char	152	440	191	501
char	152	0	188	50
char	163	170	175	230
char	164	363	204	411
char	172	93	211	140
char	177	183	217	231
char	190	3	230	51
char	192	440	216	501
char	203	350	215	410
char	203	273	239	334
char	210	80	235	140
char	215	455	254	501
char	219	363	258	425
char	234	95	268	141
char	237	184	277	231
char	240	260	264	322
char	250	2	291	51
char	254	454	308	498
char	257	351	280	412
char	280	364	318	424
char	284	260	321	322
char	290	0	319	50
char	292	80	304	140
char	295	184	336	231
char	300	491	307	500
char	306	93	344	154
char	308	453	343	500
char	314	3	338	50
char	318	364	354	411
char	320	260	360	322
char	323	0	335	6
char	335	0	374	51
char	346	93	387	142
char	348	440	385	500
char	349	135	354	144
char	353	183	392	245
char	356	350	394	411
char	364	273	402	334
char	384	454	420	510
char	386	80	409	141
char	392	170	436	231
char	393	364	448	410
char	397	0	409	50
char	402	273	440	335
char	420	440	500	500
char	424	94	481	140
char	433	3	471	64
char	436	184	492	230
char	437	183	442	192
char	442	273	481	335
char	465	441	471	450
char	468	364	504	411
char	472	3	511	51
char	479	80	511	141
char	484	274	511	323
char	494	454	511	511
char	504	363	511	411
