line	0	0	511	67
line	0	89	511	155
line	0	178	212	229
line	0	267	511	333
line	0	356	511	423
line	506	411	511	420
line	0	445	511	511
word	0	445	403	511
word	0	356	265	423
word	0	267	511	333
word	0	178	212	229
word	0	103	243	155
word	0	14	15	66
word	40	0	261	67
word	265	90	305	139
word	284	14	511	66
word	289	370	397	422
word	326	103	398	141
word	419	89	511	140
word	421	356	511	420
word	427	445	511	496
char	0	441	19	499
char	0	366	35	427
char	0	278	10	322
char	0	188	10	233
char	0	98	18	143
char	0	9	17	57
char	2	60	7	69
char	2	56	8	67
char	5	56	14	70
char	9	53	14	62
char	10	187	44	232
char	11	276	52	337
char	17	101	56	143
char	19	440	107	499
char	35	351	59	410
char	36	9	75	71
char	43	173	131	233
char	52	277	82	322
char	56	99	90	143
char	58	352	98	411
char	75	0	117	55
char	81	262	106	337
char	90	99	126	144
char	99	365	141	410
char	107	455	135	500
char	109	263	154	321
char	117	11	155	55
char	126	99	167	159
char	131	174	171	233
char	135	455	176	511
char	141	369	181	426
char	147	312	152	321
char	152	263	174	321
char	155	10	188	55
char	168	99	206	144
char	173	189	214	233
char	174	277	236	321
char	176	455	215	500
char	179	354	206	409
char	188	13	225	52
char	202	190	207	199
char	205	352	227	408
char	206	99	245	159
char	215	457	252	497
char	219	45	224	54
char	224	277	229	286
char	226	10	263	71
char	227	457	235	466
char	227	370	267	411
char	236	277	299	321
char	237	312	243	321
char	242	457	250	466
char	252	457	290	499
char	261	85	307	143
char	268	490	273	499
char	270	490	281	499
char	280	10	315	55
char	285	365	328	410
char	290	455	323	500
char	299	277	337	337
char	315	9	347	55
char	322	101	365	145
char	324	457	364	500
char	327	366	369	426
char	338	279	378	322
char	339	457	344	466
char	346	12	386	70
char	364	441	405	500
char	364	98	400	143
char	370	365	399	411
char	378	263	420	321
char	385	9	413	54
char	413	9	451	56
char	415	85	457	144
char	417	352	460	411
char	420	281	458	321
char	423	441	466	500
char	451	13	507	55
char	457	99	499	143
char	458	263	479	321
char	459	312	471	321
char	461	351	502	411
char	467	455	496	500
char	475	12	480	21
char	478	263	511	321
char	485	134	491	143
char	486	99	491	108
char	496	440	511	499
char	498	84	511	143
char	502	406	511	424
char	502	366	511	413
char	506	12	511	58
char	507	10	511	19
