line	0	0	511	61
line	0	85	511	151
line	0	174	511	226
line	0	265	511	331
line	0	354	511	406
line	0	444	511	511
word	0	444	114	496
word	0	354	8	404
word	0	265	326	331
word	0	190	38	225
word	0	85	40	135
word	0	10	94	45
word	21	355	41	405
word	61	85	98	135
word	62	175	388	226
word	65	369	207	405
word	117	0	228	61
word	123	99	153	135
word	137	445	230	496
word	174	85	255	135
word	231	369	298	405
word	250	0	455	61
word	254	445	421	511
word	279	85	511	151
word	322	357	453	406
word	349	279	379	315
word	401	265	511	331
word	410	191	483	226
word	442	445	511	511
word	475	369	511	406
word	476	9	511	45
word	505	174	511	226
char	0	439	19	500
char	0	349	10	408
char	0	275	11	321
char	0	185	40	229
char	0	95	19	139
char	0	5	62	49
char	10	277	48	317
char	17	350	43	409
char	18	458	75	499
char	18	80	42	139
char	49	275	82	319
char	50	310	55	319
char	57	80	100	139
char	58	184	96	230
char	61	364	95	409
char	62	5	96	49
char	75	440	116	499
char	82	490	91	499
char	82	260	124	319
char	95	368	132	407
char	97	185	139	229
char	103	490	109	499
char	113	0	157	49
char	119	94	155	139
char	124	275	163	335
char	132	367	172	409
char	133	455	192	500
char	138	187	195	230
char	158	6	190	49
char	162	278	219	318
char	170	95	214	139
char	172	365	209	409
char	189	8	230	65
char	191	440	232	499
char	194	187	234	230
char	214	80	257	139
char	219	275	252	319
char	227	364	262	409
char	234	185	262	229
char	246	0	288	49
char	250	440	295	499
char	252	275	285	320
char	262	365	300	409
char	262	185	305	229
char	275	95	310	139
char	285	260	328	318
char	288	5	353	49
char	294	458	335	511
char	304	170	347	229
char	310	95	374	139
char	312	130	333	139
char	318	364	353	409
char	333	442	360	499
char	345	274	381	319
char	348	170	390	229
char	353	352	379	410
char	354	0	417	65
char	359	440	401	499
char	373	95	415	139
char	379	368	420	409
char	397	275	436	319
char	401	440	423	497
char	406	186	447	230
char	416	95	453	139
char	420	365	455	409
char	420	4	457	49
char	436	260	463	319
char	438	456	477	500
char	447	186	485	229
char	452	80	476	139
char	462	276	504	335
char	471	364	511	410
char	472	4	509	49
char	474	98	511	155
char	475	440	500	511
char	501	169	511	230
char	503	456	511	500
char	504	276	511	316
char	505	325	510	335
char	506	5	511	46
char	507	274	510	283
