line	0	0	511	66
line	0	90	378	155
line	0	93	12	94
line	0	179	485	245
line	0	179	12	183
line	0	268	189	333
line	0	356	511	422
line	0	445	511	511
word	0	460	13	511
word	0	357	49	422
word	0	268	88	333
word	0	189	94	231
word	0	179	12	183
word	0	101	13	140
word	0	0	17	53
word	5	93	12	94
word	38	445	511	511
word	38	0	511	66
word	42	102	154	155
word	70	356	353	407
word	114	179	168	244
word	118	281	189	332
word	177	104	211	140
word	193	179	385	245
word	236	90	302	141
word	330	90	378	155
word	382	356	511	409
word	413	192	445	232
char	0	455	15	511
char	0	352	10	426
char	0	263	15	322
char	0	184	15	233
char	0	96	15	144
char	0	1	19	57
char	2	174	14	187
char	6	88	14	98
char	10	365	51	412
char	15	263	50	322
char	16	187	56	235
char	34	454	69	500
char	34	10	90	56
char	38	98	76	159
char	52	276	90	337
char	56	187	96	235
char	66	366	121	411
char	71	454	110	511
char	76	97	116	146
char	89	9	127	57
char	110	174	130	248
char	111	441	149	503
char	114	276	150	322
char	116	98	156	145
char	121	352	133	411
char	129	9	167	70
char	130	187	170	234
char	137	364	192	411
char	150	454	189	511
char	153	276	191	336
char	169	10	205	56
char	173	99	213	144
char	189	455	228	511
char	189	186	245	233
char	196	364	231	411
char	209	9	234	55
char	229	441	265	500
char	232	85	269	144
char	232	9	271	57
char	236	351	272	411
char	245	175	269	234
char	264	441	300	501
char	269	187	303	234
char	269	99	304	145
char	269	0	344	55
char	276	364	301	411
char	300	454	338	500
char	301	364	355	411
char	308	174	352	235
char	326	98	364	159
char	337	455	375	500
char	344	10	379	57
char	351	187	387	249
char	368	85	380	144
char	375	454	409	501
char	378	364	414	411
char	379	10	435	55
char	408	441	425	511
char	409	187	447	236
char	418	351	456	413
char	427	454	464	501
char	429	494	434	503
char	434	8	471	57
char	456	365	492	412
char	466	454	490	500
char	471	1	483	55
char	482	10	511	55
char	490	440	511	502
char	494	364	511	411
