line	0	0	511	62
line	0	85	511	152
line	0	175	511	242
line	0	265	427	332
line	0	355	511	422
line	0	357	10	360
line	0	363	10	363
line	0	445	511	511
word	0	445	119	496
word	0	357	12	405
word	0	265	84	331
word	0	190	80	241
word	0	100	12	136
word	0	0	111	47
word	32	355	138	407
word	32	85	511	152
word	101	175	303	242
word	106	270	163	332
word	131	0	511	62
word	139	445	312	511
word	151	371	179	407
word	184	265	289	332
word	201	355	417	422
word	301	265	427	317
word	323	175	374	241
word	334	445	511	511
word	401	175	454	227
word	438	372	511	422
word	470	175	511	242
char	0	456	13	500
char	0	361	14	409
char	0	277	15	335
char	0	185	13	230
char	0	95	14	140
char	0	16	4	46
char	0	13	2	23
char	0	11	2	20
char	2	353	5	362
char	2	352	12	364
char	4	7	36	51
char	7	358	12	367
char	11	278	49	318
char	12	187	50	245
char	13	457	44	500
char	28	367	68	409
char	28	83	53	140
char	36	0	74	49
char	43	457	83	497
char	48	260	86	321
char	50	187	82	229
char	53	80	85	139
char	60	130	66	139
char	69	366	104	411
char	72	7	113	49
char	76	98	112	140
char	82	440	121	500
char	97	186	138	229
char	102	265	127	320
char	105	350	140	409
char	112	80	134	139
char	125	280	165	336
char	127	0	167	50
char	134	97	162	140
char	135	440	192	511
char	136	170	177	229
char	147	366	181	411
char	162	99	202	141
char	166	7	200	51
char	173	189	213	231
char	180	277	221	335
char	193	458	250	500
char	197	366	227	409
char	200	7	232	51
char	201	80	242	156
char	213	186	247	231
char	220	277	258	336
char	226	366	252	411
char	233	0	270	50
char	245	170	266	229
char	245	96	273	141
char	249	440	270	497
char	249	220	254	229
char	252	350	290	411
char	258	260	291	319
char	265	189	305	246
char	269	10	308	66
char	270	440	291	499
char	273	80	313	141
char	290	446	314	500
char	290	367	318	411
char	297	260	320	319
char	307	0	346	49
char	312	80	333	137
char	316	350	340	426
char	319	186	354	229
char	320	280	359	321
char	330	456	358	500
char	331	99	385	140
char	341	350	366	409
char	343	7	401	48
char	350	7	360	16
char	352	170	376	245
char	357	278	396	318
char	358	460	396	497
char	360	310	365	319
char	363	7	370	16
char	365	350	386	409
char	385	97	411	137
char	386	367	419	411
char	395	458	434	500
char	396	260	429	319
char	397	170	419	230
char	400	7	439	65
char	410	99	448	139
char	417	170	456	231
char	432	440	470	500
char	434	367	475	426
char	439	10	476	49
char	448	80	469	139
char	466	170	492	246
char	468	80	490	139
char	469	460	509	511
char	473	368	511	426
char	475	0	511	50
char	487	97	511	139
char	494	170	511	230
