line	0	0	511	61
line	0	84	511	151
line	0	175	511	240
line	0	265	511	331
line	0	355	511	421
line	0	445	511	511
word	0	445	300	511
word	0	355	21	408
word	0	265	511	331
word	0	175	511	240
word	0	84	6	134
word	0	0	388	61
word	24	84	49	136
word	44	355	393	421
word	69	84	177	137
word	198	85	494	151
word	329	445	339	496
word	366	445	485	497
word	414	9	452	47
word	418	367	473	406
word	474	0	511	61
word	497	368	511	421
char	0	453	19	501
char	0	350	23	412
char	0	271	23	332
char	0	183	39	232
char	0	79	8	138
char	0	0	23	52
char	3	267	5	276
char	14	263	23	273
char	16	324	21	334
char	19	456	59	499
char	20	79	51	140
char	23	260	65	321
char	24	0	67	51
char	39	183	78	231
char	40	363	84	410
char	59	455	117	500
char	65	80	93	141
char	66	273	106	321
char	66	0	94	51
char	78	183	119	232
char	84	363	122	411
char	93	80	108	140
char	93	3	132	51
char	106	273	149	335
char	108	91	150	140
char	109	88	115	97
char	109	83	115	95
char	117	453	153	501
char	119	171	144	231
char	122	365	161	425
char	133	5	175	64
char	144	183	204	230
char	149	79	179	140
char	150	273	193	321
char	151	440	174	511
char	159	364	200	425
char	174	440	202	501
char	177	0	193	50
char	194	92	234	141
char	194	1	235	51
char	196	273	225	320
char	198	363	260	410
char	199	454	238	501
char	208	170	247	230
char	224	273	264	334
char	235	93	273	141
char	235	6	275	65
char	241	452	302	500
char	250	183	293	231
char	259	350	275	411
char	267	260	307	320
char	273	96	314	140
char	273	4	334	50
char	279	350	319	410
char	296	170	311	230
char	306	274	344	321
char	313	183	353	232
char	313	93	352	141
char	323	363	345	411
char	325	440	341	500
char	333	3	368	51
char	343	350	366	425
char	347	273	387	320
char	353	183	397	231
char	355	80	393	140
char	362	452	402	501
char	367	351	395	412
char	367	0	390	65
char	388	272	429	322
char	392	80	414	155
char	396	170	426	230
char	405	440	448	501
char	410	4	454	51
char	413	93	456	155
char	414	362	475	410
char	421	184	481	230
char	429	273	468	321
char	447	453	487	501
char	456	91	496	141
char	469	260	510	322
char	470	0	495	53
char	475	48	483	59
char	476	52	485	64
char	481	183	511	244
char	492	0	511	65
char	493	363	511	425
