line	0	6	511	72
line	0	94	511	160
line	0	182	511	248
line	0	244	3	244
line	0	246	7	246
line	0	270	511	336
line	0	358	511	423
line	0	446	511	511
word	0	446	124	511
word	0	358	88	423
word	0	270	179	335
word	0	244	7	246
word	0	186	100	233
word	0	94	63	144
word	0	6	46	57
word	66	23	226	72
word	82	94	379	145
word	107	358	413	408
word	120	198	190	247
word	143	446	349	497
word	202	270	490	336
word	212	182	317	232
word	247	22	312	72
word	332	6	491	72
word	337	182	511	248
word	369	446	511	511
word	400	100	511	160
word	410	70	419	70
word	436	358	473	408
word	493	374	511	423
word	503	186	511	189
char	0	457	30	500
char	0	353	11	427
char	0	283	11	330
char	0	194	10	237
char	0	89	30	148
char	0	1	13	61
char	2	239	5	248
char	4	241	9	250
char	10	193	43	236
char	10	20	48	60
char	12	282	49	339
char	13	353	53	413
char	30	447	53	501
char	30	105	65	148
char	43	193	78	236
char	46	282	73	322
char	50	373	90	412
char	50	330	55	339
char	51	459	88	511
char	62	18	103	60
char	72	265	110	324
char	78	182	102	236
char	78	106	139	148
char	88	441	126	498
char	95	181	100	190
char	102	18	139	76
char	103	370	142	412
char	108	283	145	339
char	116	193	155	251
char	137	89	170	148
char	139	441	216	500
char	140	370	180	412
char	140	18	170	60
char	143	265	181	324
char	154	196	192	236
char	163	106	195	148
char	170	18	228	60
char	179	370	211	412
char	194	89	230	149
char	198	265	233	324
char	208	194	244	236
char	211	373	248	412
char	212	459	253	500
char	224	283	255	325
char	228	89	268	147
char	243	17	278	61
char	244	177	284	236
char	248	370	279	412
char	252	458	283	501
char	254	265	294	323
char	265	89	286	148
char	277	18	314	76
char	280	370	313	412
char	280	197	319	236
char	284	457	311	501
char	285	89	322	149
char	293	284	318	325
char	311	441	351	500
char	313	370	343	412
char	316	265	340	340
char	322	107	381	148
char	328	19	378	60
char	333	193	373	251
char	342	353	383	412
char	342	265	377	325
char	365	457	404	511
char	366	285	420	324
char	367	19	372	28
char	373	193	410	252
char	376	1	400	76
char	381	372	415	412
char	396	106	435	164
char	403	441	423	499
char	403	17	430	61
char	406	65	413	74
char	409	194	445	251
char	412	65	417	74
char	415	65	421	74
char	419	283	456	324
char	422	444	445	501
char	429	1	452	76
char	432	353	455	412
char	434	109	470	146
char	442	441	479	500
char	446	194	473	237
char	453	17	493	75
char	454	353	475	412
char	455	265	492	324
char	469	95	493	148
char	474	177	495	236
char	479	458	511	499
char	489	369	511	427
char	490	109	511	148
char	495	195	511	237
char	499	184	504	193
char	506	181	511	190
char	507	194	511	203
