line	0	0	511	60
line	0	85	511	151
line	0	175	511	241
line	0	265	511	318
line	0	355	511	422
line	0	444	511	511
word	0	445	149	497
word	0	355	141	422
word	0	265	182	318
word	0	188	49	226
word	0	85	213	151
word	0	7	13	46
word	35	0	298	60
word	67	175	133	241
word	164	175	193	226
word	172	355	511	421
word	173	444	273	511
word	208	265	338	317
word	222	175	511	241
word	241	85	315	137
word	294	459	326	497
word	319	8	511	60
word	340	98	490	137
word	352	458	511	498
word	366	265	511	318
char	0	354	2	364
char	0	260	31	321
char	0	183	51	230
char	0	92	7	141
char	0	90	2	99
char	0	80	5	96
char	0	2	15	50
char	2	453	35	500
char	2	350	11	410
char	2	89	4	98
char	4	80	23	155
char	11	363	51	426
char	23	94	63	155
char	31	4	70	50
char	33	274	71	322
char	35	454	75	500
char	51	363	89	411
char	62	80	99	141
char	63	170	82	245
char	70	4	108	51
char	71	274	108	321
char	74	440	111	501
char	87	170	99	230
char	89	363	129	412
char	99	170	135	245
char	103	93	139	141
char	108	260	145	321
char	109	3	147	64
char	112	454	151	500
char	119	170	126	179
char	131	350	143	410
char	139	93	179	155
char	145	275	184	320
char	151	3	207	50
char	160	170	195	230
char	168	350	179	410
char	169	453	209	501
char	180	93	215	140
char	183	363	219	410
char	204	260	216	320
char	207	4	264	50
char	209	453	247	511
char	218	183	257	232
char	220	274	256	321
char	224	350	235	410
char	235	350	263	410
char	237	93	277	141
char	247	439	275	500
char	260	273	285	320
char	260	183	285	230
char	262	364	286	410
char	263	0	300	50
char	280	80	317	140
char	283	170	336	245
char	284	273	340	320
char	286	363	339	411
char	290	454	328	501
char	315	3	355	50
char	336	170	364	230
char	336	93	392	140
char	337	350	356	425
char	348	453	383	500
char	355	4	393	51
char	357	363	394	412
char	359	185	398	231
char	362	274	402	322
char	384	454	440	500
char	393	3	431	51
char	394	93	434	141
char	396	350	408	410
char	398	184	448	230
char	402	274	456	320
char	412	363	450	425
char	432	3	467	50
char	436	93	492	140
char	439	453	478	502
char	445	170	464	245
char	452	350	489	410
char	455	273	494	321
char	466	183	505	245
char	471	3	509	64
char	480	453	511	501
char	493	363	511	411
char	496	260	511	322
char	504	183	511	238
