line	0	0	511	67
line	0	90	511	156
line	0	178	511	245
line	0	268	511	333
line	0	357	286	421
line	0	445	511	511
word	0	458	96	497
word	0	357	196	421
word	0	268	160	332
word	0	178	511	245
word	0	103	17	156
word	0	0	111	67
word	43	90	204	141
word	117	458	354	511
word	137	0	292	67
word	187	281	221	318
word	223	90	287	155
word	225	357	286	408
word	248	268	423	333
word	312	90	476	154
word	312	14	429	65
word	380	458	414	497
word	442	445	511	497
word	448	279	485	319
word	458	0	511	52
word	499	103	511	141
word	511	287	511	315
char	0	453	38	501
char	0	364	21	425
char	0	275	21	336
char	0	187	18	235
char	0	98	19	160
char	0	7	21	71
char	18	188	59	233
char	20	277	82	324
char	24	364	84	411
char	24	1	40	55
char	38	454	98	500
char	39	85	55	144
char	44	7	73	56
char	58	98	87	144
char	59	187	101	234
char	71	1	113	56
char	81	263	121	324
char	85	85	126	145
char	87	365	126	413
char	103	188	142	235
char	113	455	154	500
char	122	275	162	323
char	129	85	169	144
char	130	365	159	411
char	133	7	175	71
char	142	173	172	233
char	154	455	193	511
char	157	352	198	412
char	168	98	206	145
char	171	174	185	233
char	178	1	194	55
char	183	276	223	322
char	187	185	227	234
char	193	453	231	501
char	193	9	235	71
char	219	85	243	159
char	221	364	261	411
char	226	173	255	233
char	233	454	273	501
char	233	10	294	55
char	244	276	284	323
char	247	85	289	145
char	251	187	289	234
char	261	352	288	412
char	269	46	274	55
char	274	453	314	501
char	284	277	324	337
char	291	174	332	234
char	308	97	349	145
char	308	9	391	55
char	314	453	356	511
char	324	275	363	322
char	332	188	390	233
char	347	99	388	144
char	349	99	354	108
char	367	263	383	322
char	376	453	416	501
char	385	276	425	323
char	388	187	429	249
char	389	85	405	144
char	391	9	431	69
char	409	97	438	144
char	429	174	470	233
char	437	98	478	158
char	438	441	454	500
char	444	274	487	323
char	454	1	496	56
char	455	454	495	501
char	473	187	511	233
char	495	98	511	145
char	495	0	511	55
char	497	440	511	500
char	507	286	511	319
char	508	282	511	293
