line	0	0	511	67
line	0	90	511	155
line	0	179	168	244
line	0	267	511	333
line	0	357	511	423
line	0	445	511	511
word	0	445	381	511
word	0	357	210	423
word	0	270	18	319
word	0	192	50	244
word	0	102	205	141
word	0	0	24	67
word	42	267	251	333
word	54	0	179	66
word	77	179	168	231
word	201	15	234	51
word	227	103	259	142
word	240	357	286	408
word	260	0	291	51
word	274	281	345	319
word	284	90	492	155
word	309	357	472	423
word	312	14	382	66
word	368	281	401	332
word	407	459	441	511
word	410	14	500	66
word	428	280	511	320
word	466	458	511	496
word	500	371	511	408
char	0	454	14	503
char	0	366	33	427
char	0	265	20	323
char	0	188	14	248
char	0	97	14	144
char	0	59	3	68
char	0	57	4	66
char	0	9	10	58
char	7	0	26	71
char	13	440	31	511
char	14	187	52	234
char	16	98	56	145
char	32	454	72	501
char	32	365	69	426
char	38	263	51	322
char	50	9	88	70
char	52	276	92	323
char	58	98	84	144
char	69	365	105	427
char	72	456	110	511
char	73	187	109	235
char	83	98	138	144
char	90	1	126	55
char	94	262	196	322
char	109	352	121	411
char	110	454	145	501
char	111	187	148	235
char	121	366	176	412
char	125	10	181	55
char	139	98	179	145
char	145	455	184	500
char	148	174	170	234
char	176	364	212	412
char	181	98	207	144
char	185	454	219	501
char	194	263	213	337
char	197	10	236	55
char	213	276	253	337
char	217	441	236	511
char	223	98	261	146
char	236	352	248	411
char	238	454	276	511
char	252	352	288	412
char	256	1	293	55
char	270	276	310	323
char	278	454	316	510
char	280	98	319	159
char	305	365	343	427
char	308	9	347	70
char	310	279	347	321
char	316	454	356	500
char	318	99	371	142
char	347	352	383	412
char	347	9	384	56
char	355	441	366	501
char	364	276	403	336
char	365	441	383	511
char	369	99	407	144
char	383	366	438	411
char	403	454	443	511
char	406	9	444	70
char	407	98	443	145
char	424	276	460	324
char	437	365	474	427
char	442	85	454	144
char	446	9	502	55
char	456	85	494	146
char	460	277	498	322
char	462	453	511	500
char	496	366	511	412
char	498	275	511	324
