line	0	6	511	57
line	0	94	511	159
line	0	182	511	248
line	0	270	511	336
line	0	358	511	424
line	0	446	511	511
word	0	372	12	409
word	0	287	61	335
word	0	182	66	235
word	0	94	58	145
word	0	22	11	57
word	14	446	195	511
word	30	358	153	409
word	32	22	134	57
word	79	94	430	159
word	84	270	184	336
word	89	182	317	247
word	153	24	204	56
word	174	358	233	423
word	206	270	311	321
word	213	446	511	497
word	223	23	279	56
word	254	374	356	424
word	298	6	466	57
word	329	270	511	335
word	338	199	476	248
word	376	358	449	409
word	451	110	510	144
word	467	375	511	424
word	487	6	511	56
word	489	182	511	247
char	0	367	14	413
char	0	282	32	339
char	0	194	10	239
char	0	104	20	149
char	0	17	13	61
char	9	194	48	236
char	10	458	44	500
char	20	89	60	149
char	26	356	51	412
char	28	17	64	60
char	32	282	63	324
char	42	441	66	511
char	47	177	68	236
char	50	371	81	413
char	65	17	97	61
char	66	459	108	511
char	75	105	107	149
char	80	265	101	324
char	81	353	101	412
char	85	193	113	237
char	97	20	136	60
char	97	19	103	28
char	100	372	155	412
char	100	284	139	340
char	106	105	144	163
char	107	458	138	499
char	113	197	152	236
char	138	458	170	501
char	138	265	159	323
char	143	89	183	149
char	149	19	206	60
char	151	193	187	251
char	159	282	186	325
char	169	458	197	498
char	170	353	187	413
char	179	109	218	149
char	185	353	209	427
char	187	183	209	236
char	202	265	244	324
char	208	195	244	251
char	209	457	251	500
char	210	358	235	412
char	217	105	254	163
char	219	18	281	60
char	243	283	274	325
char	244	194	279	236
char	250	458	281	501
char	250	369	282	412
char	252	89	292	146
char	273	265	313	324
char	279	177	319	236
char	281	441	302	499
char	282	373	319	428
char	291	89	328	149
char	294	19	335	61
char	301	461	339	500
char	319	371	358	428
char	325	281	366	324
char	325	107	362	163
char	334	194	372	252
char	334	17	365	60
char	338	441	376	500
char	362	109	401	163
char	364	1	401	60
char	366	282	400	325
char	371	194	409	252
char	372	460	411	499
char	372	353	410	413
char	400	283	427	324
char	401	106	432	146
char	401	18	434	61
char	409	194	439	235
char	410	461	463	500
char	410	353	451	412
char	426	282	459	325
char	434	18	468	60
char	439	197	478	236
char	447	105	507	148
char	458	265	491	322
char	462	457	511	499
char	463	370	502	412
char	483	1	511	60
char	485	177	511	251
char	493	282	511	339
char	501	373	511	428
char	507	32	510	41
