line	0	6	511	71
line	0	94	511	160
line	0	182	511	248
line	0	270	511	335
line	0	358	328	423
line	0	446	511	511
line	0	504	11	510
word	0	446	67	511
word	0	358	95	423
word	0	273	10	321
word	0	199	103	247
word	0	111	32	144
word	0	20	8	56
word	29	270	96	321
word	30	22	102	56
word	54	94	146	160
word	87	446	153	511
word	118	358	279	423
word	118	270	511	335
word	122	182	288	233
word	124	22	146	56
word	165	94	257	145
word	168	24	218	56
word	178	464	214	496
word	226	446	310	511
word	238	6	342	71
word	276	94	467	159
word	300	375	328	408
word	306	199	366	232
word	331	446	386	497
word	361	6	511	57
word	385	199	511	248
word	407	446	511	497
word	488	108	511	144
char	0	457	12	504
char	0	369	14	427
char	0	279	12	325
char	0	268	11	286
char	0	194	14	251
char	0	107	7	148
char	0	15	10	60
char	2	499	13	510
char	2	499	4	508
char	7	106	34	148
char	9	353	32	413
char	10	196	46	235
char	11	441	32	500
char	25	265	65	325
char	26	19	65	60
char	31	460	69	500
char	32	370	58	412
char	46	194	105	236
char	50	89	83	148
char	58	370	97	411
char	64	17	104	59
char	65	282	98	324
char	81	89	106	164
char	83	458	134	501
char	106	89	148	148
char	114	369	141	413
char	114	265	153	325
char	118	177	157	236
char	120	17	148	60
char	129	441	155	511
char	140	369	168	412
char	151	285	190	339
char	158	194	191	237
char	161	106	222	148
char	164	19	220	60
char	168	370	200	412
char	174	459	216	500
char	189	197	243	236
char	190	265	222	322
char	200	353	245	413
char	212	285	249	324
char	220	89	259	149
char	222	441	249	511
char	226	354	232	363
char	234	17	273	75
char	243	177	263	236
char	244	372	281	427
char	248	455	275	500
char	248	282	363	324
char	252	442	267	457
char	256	442	265	451
char	261	194	290	236
char	272	107	313	148
char	273	18	305	60
char	274	441	312	501
char	296	370	330	412
char	302	194	368	236
char	303	1	344	60
char	312	105	346	148
char	327	459	368	501
char	345	106	376	148
char	357	1	396	60
char	360	265	398	324
char	368	441	388	499
char	375	89	414	146
char	381	194	439	236
char	396	21	433	60
char	398	282	431	325
char	403	459	442	500
char	410	107	449	163
char	431	282	462	325
char	432	6	455	60
char	436	4	441	13
char	439	194	476	251
char	439	4	444	13
char	441	459	480	500
char	448	89	469	148
char	455	1	511	61
char	461	282	511	323
char	476	197	511	252
char	479	441	499	499
char	484	103	511	148
char	499	460	511	501
