line	0	0	511	62
line	0	85	511	152
line	0	174	511	242
line	0	265	511	332
line	0	355	511	422
line	0	445	511	511
word	0	445	280	511
word	0	368	12	405
word	0	357	10	358
word	0	265	47	316
word	0	222	0	222
word	0	101	48	151
word	0	12	37	62
word	17	174	369	242
word	32	355	297	422
word	58	0	76	45
word	70	85	511	152
word	71	265	106	317
word	97	11	128	46
word	125	265	231	332
word	147	0	511	61
word	245	265	511	331
word	305	461	332	496
word	320	370	424	422
word	356	445	511	511
word	383	191	411	227
word	432	175	511	226
word	445	373	511	408
char	0	457	26	501
char	0	363	14	409
char	0	260	14	320
char	0	217	2	226
char	0	96	11	140
char	2	352	12	362
char	2	7	39	66
char	10	260	49	320
char	12	97	50	155
char	13	169	34	229
char	26	440	47	497
char	28	367	70	426
char	34	189	73	231
char	46	440	62	499
char	54	0	78	49
char	60	440	84	511
char	66	96	107	155
char	67	350	108	407
char	67	260	108	321
char	73	170	92	227
char	88	456	116	500
char	91	189	124	232
char	93	6	130	50
char	104	367	142	409
char	104	80	145	137
char	116	460	155	511
char	121	278	163	336
char	123	170	147	246
char	141	100	181	156
char	142	369	181	411
char	143	7	183	49
char	148	188	189	231
char	154	458	194	511
char	160	260	201	317
char	180	366	213	411
char	181	96	212	140
char	182	9	220	51
char	188	170	226	231
char	192	458	247	498
char	200	260	233	319
char	212	370	267	410
char	212	80	251	137
char	219	7	258	65
char	224	170	263	231
char	241	276	278	321
char	247	456	282	500
char	249	100	289	140
char	257	9	311	49
char	262	190	300	231
char	267	366	299	411
char	277	260	316	321
char	288	80	308	139
char	299	188	338	230
char	301	456	334	500
char	309	97	345	140
char	311	7	339	47
char	316	366	357	425
char	316	260	355	321
char	335	9	390	50
char	338	170	371	229
char	338	97	377	137
char	352	456	385	500
char	355	365	394	426
char	355	277	388	321
char	376	80	415	140
char	379	186	413	231
char	384	440	407	511
char	386	260	407	319
char	390	6	429	65
char	393	366	426	409
char	405	277	444	335
char	408	457	449	501
char	415	100	452	140
char	428	186	470	229
char	428	7	465	65
char	441	368	481	411
char	444	276	479	321
char	449	457	485	511
char	452	96	490	137
char	463	7	502	47
char	470	170	504	229
char	478	277	510	321
char	480	368	511	412
char	485	457	511	511
char	488	100	511	140
char	492	189	511	230
char	495	188	500	197
char	502	0	511	49
