line	0	1	511	68
line	0	90	511	155
line	0	178	511	245
line	0	268	511	333
line	0	356	511	422
line	0	446	511	511
word	0	458	76	511
word	0	358	17	362
word	0	356	511	422
word	0	268	446	333
word	0	178	38	245
word	0	90	256	142
word	0	0	157	68
word	19	93	19	93
word	66	191	165	231
word	101	446	333	497
word	179	0	338	66
word	194	179	395	231
word	284	90	335	155
word	358	91	379	141
word	359	446	511	511
word	366	13	400	53
word	404	90	507	140
word	421	191	511	231
word	423	0	483	52
word	468	268	511	320
char	0	455	38	501
char	0	364	20	411
char	0	275	18	324
char	0	187	18	234
char	0	95	22	146
char	0	10	19	72
char	2	357	4	366
char	2	354	9	366
char	3	354	5	363
char	6	354	11	364
char	13	353	19	364
char	15	88	21	97
char	18	173	40	249
char	19	1	60	56
char	20	365	57	412
char	20	263	36	322
char	22	98	61	145
char	38	453	78	510
char	40	274	82	336
char	57	352	83	412
char	60	9	99	56
char	62	186	105	235
char	62	85	104	145
char	81	263	123	323
char	83	352	124	412
char	97	454	140	500
char	99	10	159	54
char	103	85	130	145
char	106	187	167	233
char	126	352	142	411
char	126	263	143	322
char	129	85	170	145
char	133	46	141	55
char	138	46	145	55
char	141	454	179	501
char	144	275	185	323
char	145	365	205	411
char	173	85	213	144
char	175	8	216	56
char	181	453	221	501
char	184	275	226	336
char	190	186	229	233
char	209	352	225	411
char	214	97	258	145
char	217	1	234	55
char	223	455	261	501
char	225	277	267	337
char	228	351	270	412
char	230	186	270	235
char	235	7	277	70
char	265	277	324	322
char	266	453	295	500
char	272	364	313	426
char	272	174	314	235
char	280	85	296	144
char	280	9	340	55
char	294	441	335	501
char	296	99	337	159
char	313	352	355	413
char	314	174	357	235
char	324	263	363	322
char	354	86	381	145
char	355	454	395	511
char	355	366	415	411
char	357	186	397	235
char	362	8	402	57
char	367	277	406	323
char	394	441	416	511
char	400	97	460	144
char	406	277	448	337
char	412	366	454	411
char	416	454	459	501
char	417	186	478	233
char	419	1	447	56
char	447	9	485	55
char	455	364	511	411
char	459	454	497	502
char	464	263	492	323
char	464	85	504	144
char	481	187	511	235
char	489	363	494	372
char	492	276	511	324
char	498	453	511	511
