line	0	0	511	61
line	0	85	511	151
line	0	174	511	241
line	510	236	511	238
line	0	265	511	331
line	505	321	511	327
line	509	330	511	330
line	0	355	511	421
line	511	363	511	365
line	0	445	511	498
word	0	445	393	497
word	0	368	112	421
word	0	265	511	331
word	0	175	120	227
word	0	86	134	151
word	0	0	184	61
word	141	355	381	407
word	148	175	251	241
word	158	97	237	137
word	212	0	511	61
word	263	85	384	151
word	276	175	419	228
word	403	363	511	408
word	405	85	510	151
word	422	445	433	496
word	440	174	511	229
word	459	458	511	498
word	510	236	511	238
char	0	453	20	500
char	0	363	77	425
char	0	273	39	321
char	0	183	59	230
char	0	92	21	154
char	0	4	20	65
char	20	1	62	64
char	21	453	61	500
char	23	92	65	155
char	39	272	80	335
char	57	171	83	231
char	64	440	105	500
char	64	0	104	51
char	69	91	111	154
char	76	363	114	411
char	83	272	123	320
char	83	170	122	230
char	105	440	120	500
char	106	2	147	51
char	110	81	136	141
char	120	452	164	500
char	128	260	144	320
char	137	350	214	411
char	143	273	188	320
char	144	183	187	245
char	147	1	186	51
char	154	92	198	141
char	164	440	204	500
char	186	170	218	231
char	188	260	204	320
char	200	94	239	141
char	203	454	247	500
char	208	260	224	320
char	208	0	224	50
char	211	185	253	230
char	214	364	254	410
char	226	272	266	321
char	228	3	257	50
char	247	440	288	501
char	253	364	294	410
char	256	3	291	51
char	259	93	302	155
char	267	271	309	334
char	272	183	312	232
char	290	0	312	65
char	291	453	351	500
char	293	364	354	410
char	302	80	342	140
char	310	271	353	321
char	311	170	340	229
char	316	1	356	51
char	337	170	377	232
char	346	80	386	141
char	347	170	352	179
char	353	440	395	501
char	354	363	383	410
char	355	272	416	320
char	355	170	360	179
char	360	0	400	50
char	377	183	421	230
char	398	4	457	50
char	399	363	443	412
char	401	94	439	155
char	418	440	435	500
char	420	260	436	320
char	436	273	499	320
char	436	169	467	230
char	438	80	460	155
char	444	363	505	411
char	455	453	498	500
char	456	4	511	50
char	463	88	507	154
char	466	171	506	233
char	499	453	511	502
char	499	273	511	322
char	501	320	508	331
char	505	325	510	334
char	505	316	511	330
char	505	174	511	233
char	506	231	511	242
char	507	363	511	410
char	507	358	511	369
