line	0	0	511	62
line	0	85	511	152
line	0	175	511	241
line	0	265	511	331
line	0	355	511	421
line	0	357	8	358
line	0	445	511	511
word	0	461	9	497
word	0	370	9	406
word	0	357	8	358
word	0	265	147	331
word	0	175	210	227
word	0	85	52	151
word	0	0	107	47
word	28	461	64	511
word	32	355	235	407
word	74	85	124	137
word	84	445	174	497
word	131	0	335	47
word	145	85	288	137
word	168	265	269	317
word	199	445	302	496
word	231	191	302	241
word	258	355	511	421
word	281	281	337	315
word	310	85	456	152
word	323	445	444	511
word	326	175	511	241
word	359	265	451	317
word	359	12	437	47
word	458	0	511	62
word	467	445	496	495
word	473	281	511	331
word	475	85	511	136
word	509	463	511	496
char	0	456	11	501
char	0	365	11	410
char	0	277	38	319
char	0	170	20	229
char	0	97	34	155
char	0	0	13	49
char	2	353	5	362
char	3	352	10	362
char	13	7	41	49
char	18	170	38	229
char	24	456	66	511
char	28	366	68	409
char	33	80	54	137
char	34	188	98	229
char	38	277	64	321
char	40	7	75	51
char	62	260	86	335
char	67	366	125	409
char	70	96	105	141
char	75	7	109	51
char	80	440	103	499
char	87	260	149	319
char	96	187	128	231
char	101	440	143	499
char	105	80	126	139
char	119	130	125	139
char	125	352	147	410
char	127	6	160	50
char	128	190	167	228
char	141	458	176	501
char	141	80	183	139
char	145	350	183	411
char	160	0	199	47
char	164	277	205	319
char	167	170	212	230
char	169	220	174	229
char	182	367	216	411
char	182	97	214	141
char	195	456	229	500
char	199	0	229	49
char	205	277	237	321
char	214	96	250	140
char	216	350	237	407
char	222	8	255	51
char	223	7	228	16
char	227	187	266	230
char	229	440	249	497
char	237	260	271	319
char	248	460	304	500
char	250	97	290	137
char	254	366	282	411
char	254	10	309	50
char	265	186	304	245
char	276	415	281	424
char	277	276	339	319
char	280	350	305	425
char	284	130	289	139
char	306	368	347	411
char	306	96	345	156
char	309	6	337	51
char	319	456	361	511
char	322	186	361	245
char	344	100	399	140
char	346	366	378	411
char	355	260	395	321
char	355	7	384	51
char	358	457	398	511
char	361	170	395	229
char	377	350	415	411
char	384	9	439	50
char	392	277	453	319
char	397	457	424	500
char	398	80	418	137
char	400	170	443	229
char	414	350	453	411
char	419	80	458	141
char	425	440	446	499
char	425	277	430	286
char	436	220	441	229
char	438	190	479	231
char	440	310	445	319
char	453	367	487	411
char	454	0	494	51
char	463	440	498	499
char	469	276	498	321
char	471	80	511	140
char	478	170	511	229
char	485	368	511	411
char	493	6	511	66
char	495	4	500	13
char	497	277	511	335
char	505	458	511	500
