line	0	0	511	61
line	0	85	511	151
line	0	175	511	241
line	0	175	10	175
line	0	177	12	181
line	0	265	511	331
line	0	355	511	422
line	0	445	511	511
word	0	446	154	511
word	0	355	172	422
word	0	279	55	318
word	0	187	55	229
word	0	85	386	151
word	0	0	253	61
word	11	175	12	181
word	81	175	170	228
word	84	265	196	330
word	178	445	366	511
word	196	355	251	421
word	196	175	318	241
word	224	265	479	331
word	276	0	385	61
word	278	368	463	422
word	348	175	495	240
word	388	458	474	497
word	413	0	511	61
word	416	98	511	136
word	493	368	511	407
word	497	445	511	497
word	507	271	511	317
word	509	326	511	330
char	0	453	33	501
char	0	362	17	412
char	0	274	17	322
char	0	182	17	233
char	0	93	35	141
char	0	1	15	50
char	1	407	8	417
char	4	412	10	421
char	5	1	13	9
char	7	172	14	185
char	7	170	12	179
char	13	4	49	50
char	17	363	56	426
char	17	274	57	322
char	17	183	57	231
char	33	441	56	501
char	34	95	71	155
char	49	4	87	50
char	56	453	80	500
char	60	350	96	411
char	72	93	109	154
char	77	183	117	232
char	80	454	118	510
char	80	260	117	322
char	87	3	123	52
char	95	365	133	412
char	108	80	135	140
char	118	454	156	501
char	119	273	158	334
char	120	170	132	230
char	127	1	139	50
char	129	94	167	155
char	133	363	174	411
char	134	183	172	232
char	140	3	179	65
char	160	273	198	334
char	171	80	210	141
char	174	454	214	501
char	179	4	218	50
char	192	350	216	412
char	192	170	229	230
char	209	93	250	142
char	215	365	253	425
char	216	453	273	500
char	217	4	255	50
char	220	274	256	321
char	228	184	266	232
char	252	91	278	140
char	260	260	273	320
char	266	183	304	231
char	272	440	300	500
char	272	0	312	52
char	274	364	313	424
char	274	274	314	322
char	277	80	313	140
char	292	455	332	511
char	301	170	320	245
char	312	364	352	411
char	312	93	348	140
char	315	0	352	50
char	316	273	373	320
char	332	453	368	501
char	344	183	383	244
char	350	93	388	154
char	350	4	387	65
char	352	364	387	411
char	374	273	411	322
char	384	454	440	500
char	385	170	423	231
char	386	363	425	425
char	409	3	447	64
char	410	274	448	335
char	412	93	448	140
char	423	185	461	230
char	425	363	465	426
char	440	453	476	501
char	444	0	463	65
char	447	260	464	335
char	453	93	509	140
char	461	183	497	230
char	468	3	492	50
char	469	260	481	320
char	489	363	511	411
char	492	49	500	58
char	492	2	511	53
char	493	440	511	501
char	496	1	507	6
char	503	266	511	321
char	505	324	511	334
char	506	321	511	331
