line	0	0	511	62
line	0	85	511	152
line	0	175	511	242
line	0	232	2	232
line	0	234	9	239
line	0	265	511	332
line	0	355	511	422
line	0	445	57	496
word	0	445	57	496
word	0	355	340	422
word	0	265	218	331
word	0	191	247	241
word	0	85	260	151
word	0	11	12	45
word	31	0	511	62
word	240	281	374	332
word	269	191	405	227
word	279	85	467	152
word	363	355	511	422
word	397	281	511	332
word	428	191	460	227
word	479	175	511	242
word	490	87	511	137
char	0	440	59	500
char	0	366	31	409
char	0	277	32	335
char	0	187	12	234
char	0	96	33	139
char	0	6	14	49
char	1	227	4	236
char	3	229	11	243
char	11	188	50	229
char	27	0	68	50
char	30	367	69	425
char	31	260	70	319
char	31	80	71	139
char	50	186	82	231
char	56	310	69	319
char	67	10	107	50
char	69	354	92	410
char	69	260	160	321
char	70	80	90	139
char	83	186	115	231
char	88	97	129	139
char	92	367	118	410
char	106	7	133	50
char	114	187	173	227
char	119	366	157	426
char	128	96	165	155
char	133	9	171	47
char	157	350	191	407
char	160	276	187	317
char	164	80	204	137
char	171	5	223	49
char	172	187	210	245
char	181	367	220	425
char	187	277	220	321
char	200	98	262	139
char	211	187	249	245
char	219	367	252	410
char	221	0	248	65
char	236	276	269	321
char	246	6	275	49
char	251	350	290	411
char	265	186	294	230
char	269	280	308	336
char	275	97	315	139
char	275	0	296	49
char	287	370	342	411
char	294	190	331	230
char	297	0	316	49
char	308	276	342	320
char	314	80	352	140
char	314	9	354	51
char	331	186	369	227
char	341	277	376	320
char	353	80	387	139
char	354	6	387	51
char	359	367	393	411
char	368	190	407	231
char	378	97	404	140
char	386	0	409	50
char	391	370	424	426
char	393	277	433	320
char	403	80	427	156
char	407	9	444	66
char	423	350	447	426
char	424	186	462	231
char	428	98	469	141
char	432	276	490	317
char	443	10	483	66
char	448	367	504	411
char	458	310	467	319
char	468	310	473	319
char	475	170	497	229
char	483	0	502	47
char	486	94	511	141
char	487	92	493	101
char	487	83	511	99
char	489	280	511	336
char	497	187	511	246
char	500	82	507	91
char	502	10	511	51
char	504	367	511	410
