line	0	0	511	66
line	0	89	511	155
line	0	178	511	244
line	497	182	511	182
line	508	240	511	240
line	0	267	511	334
line	0	356	310	422
line	0	445	511	511
word	0	445	178	511
word	0	357	54	422
word	0	267	133	333
word	0	178	69	244
word	0	90	98	141
word	0	0	448	66
word	76	356	270	422
word	89	179	511	244
word	122	103	267	155
word	160	270	183	319
word	201	445	379	511
word	205	267	400	334
word	290	92	353	155
word	292	357	310	407
word	377	89	468	140
word	399	446	511	496
word	422	267	511	333
word	472	13	511	54
word	492	103	511	139
word	497	182	497	182
word	508	240	511	240
char	0	455	10	500
char	0	365	15	426
char	0	279	10	324
char	0	187	15	246
char	0	85	35	145
char	0	11	12	54
char	8	239	13	248
char	9	455	51	511
char	10	277	48	337
char	13	10	56	54
char	14	352	56	408
char	15	173	40	248
char	36	98	100	143
char	42	177	71	234
char	49	277	81	321
char	51	455	84	498
char	56	9	90	55
char	63	134	74	143
char	71	134	76	143
char	72	368	112	411
char	82	277	111	322
char	85	455	112	500
char	85	190	143	234
char	89	0	111	54
char	110	262	135	337
char	111	1	152	54
char	112	440	143	499
char	112	352	134	411
char	118	98	147	145
char	126	490	132	499
char	133	367	167	411
char	139	441	180	500
char	142	176	169	233
char	148	98	185	145
char	152	9	215	54
char	156	265	185	323
char	166	352	205	408
char	169	189	206	233
char	185	99	226	159
char	197	455	239	511
char	201	277	236	322
char	204	351	229	426
char	206	187	268	231
char	215	10	257	54
char	226	99	269	143
char	233	365	272	411
char	235	277	271	323
char	238	440	262	499
char	249	490	254	499
char	255	490	261	499
char	257	10	291	56
char	262	441	303	499
char	267	188	309	248
char	271	277	306	323
char	286	87	315	145
char	288	352	312	411
char	290	14	346	56
char	303	458	358	500
char	306	277	332	322
char	309	174	354	232
char	314	101	355	159
char	330	262	355	338
char	346	10	387	70
char	354	189	385	233
char	358	441	381	497
char	359	277	402	337
char	373	84	406	143
char	386	188	419	233
char	387	0	409	52
char	395	456	453	500
char	400	99	428	144
char	408	10	450	54
char	418	279	459	322
char	420	188	452	232
char	428	85	470	143
char	452	190	490	233
char	453	457	490	497
char	458	262	479	321
char	468	9	505	56
char	479	277	511	337
char	488	98	511	143
char	490	441	511	499
char	490	187	511	234
char	493	177	498	186
char	504	235	510	244
char	506	8	511	58
