line	0	6	382	60
line	0	66	17	68
line	0	94	511	159
line	0	181	511	246
line	0	270	511	335
line	0	359	45	423
line	0	446	511	511
word	0	446	171	497
word	0	359	45	423
word	0	270	217	335
word	0	182	119	234
word	0	108	76	145
word	0	67	3	68
word	0	6	204	60
word	17	66	17	68
word	105	94	244	158
word	144	181	206	233
word	197	446	390	511
word	229	7	382	57
word	233	195	269	246
word	243	283	318	335
word	267	107	388	159
word	296	195	391	233
word	341	271	511	335
word	413	182	449	234
word	417	446	500	496
word	417	107	511	145
word	473	195	511	232
char	0	444	3	455
char	0	441	30	500
char	0	365	20	427
char	0	279	17	325
char	0	177	20	238
char	0	103	39	148
char	0	13	21	64
char	2	62	5	72
char	13	61	19	70
char	14	63	19	72
char	17	280	56	322
char	20	354	47	413
char	21	190	60	237
char	22	15	60	61
char	29	455	67	500
char	39	103	78	149
char	56	265	84	324
char	61	190	121	236
char	61	15	100	61
char	68	441	110	501
char	80	280	115	325
char	101	102	160	148
char	101	1	117	60
char	113	454	152	501
char	114	265	136	339
char	116	1	147	60
char	138	278	178	325
char	140	176	170	236
char	140	15	181	60
char	157	441	173	500
char	163	102	205	162
char	169	179	208	237
char	178	279	219	325
char	181	2	206	61
char	193	454	247	500
char	207	89	246	148
char	225	2	265	60
char	229	190	271	250
char	239	278	281	339
char	246	441	268	511
char	263	102	306	149
char	268	454	311	500
char	268	2	308	60
char	281	278	320	325
char	292	190	331	237
char	306	102	349	149
char	307	15	344	61
char	311	454	349	501
char	331	190	393	236
char	337	279	418	339
char	345	14	384	61
char	348	102	390	163
char	349	454	392	501
char	409	177	451	238
char	413	441	452	500
char	413	103	452	149
char	418	278	459	325
char	451	103	495	148
char	453	441	468	500
char	459	266	485	325
char	469	190	510	236
char	472	454	502	500
char	485	279	511	326
char	491	279	497	288
char	495	102	511	148
char	498	279	504	288
