line	0	0	511	62
line	0	85	511	151
line	0	175	511	242
line	0	265	511	331
line	506	328	511	330
line	0	354	511	422
line	0	445	511	511
word	0	460	51	495
word	0	355	106	406
word	0	281	13	316
word	0	175	209	226
word	0	85	42	136
word	0	10	13	62
word	36	265	175	331
word	36	0	211	61
word	65	85	162	151
word	74	445	354	511
word	127	354	366	422
word	186	85	289	151
word	198	265	309	331
word	231	175	447	226
word	233	9	432	61
word	309	85	511	151
word	336	280	371	315
word	376	445	511	511
word	389	371	426	406
word	394	279	428	316
word	449	355	511	406
word	450	265	479	315
word	456	0	511	61
word	469	189	511	242
word	496	279	511	317
word	506	328	511	330
char	0	455	15	499
char	0	350	18	409
char	0	276	15	320
char	0	185	15	230
char	0	103	4	137
char	0	98	2	108
char	0	96	2	105
char	0	80	9	100
char	0	5	15	66
char	1	93	6	102
char	1	92	3	101
char	2	98	44	140
char	11	350	16	359
char	15	185	52	229
char	16	455	53	499
char	17	353	43	410
char	32	260	66	319
char	32	4	75	65
char	42	350	65	407
char	44	400	60	409
char	52	185	87	229
char	59	276	97	319
char	59	274	66	283
char	61	80	85	139
char	64	350	108	409
char	70	440	114	500
char	75	4	115	65
char	84	95	126	155
char	88	185	125	229
char	96	277	136	319
char	113	458	152	497
char	115	0	158	47
char	123	350	166	409
char	125	185	188	229
char	126	94	164	139
char	136	274	177	335
char	151	440	192	499
char	157	7	190	49
char	166	366	209	410
char	178	220	187	229
char	182	80	209	139
char	186	170	211	229
char	190	0	213	49
char	192	456	246	499
char	194	262	223	319
char	206	80	231	155
char	209	365	247	410
char	222	275	261	319
char	227	185	292	229
char	229	4	259	49
char	233	80	258	139
char	244	310	249	319
char	245	440	270	511
char	247	365	284	425
char	257	96	291	139
char	259	4	294	50
char	260	260	285	335
char	273	454	317	511
char	282	349	307	426
char	285	260	311	335
char	291	170	335	230
char	294	5	332	65
char	305	80	347	140
char	308	366	368	410
char	317	455	356	499
char	332	275	373	319
char	333	5	368	48
char	336	185	373	230
char	345	80	371	155
char	369	5	434	49
char	372	440	414	499
char	372	188	411	229
char	375	95	405	140
char	385	366	428	410
char	390	274	430	320
char	404	98	445	155
char	410	186	449	229
char	414	440	439	499
char	439	456	480	511
char	445	350	469	409
char	445	95	477	139
char	446	260	481	319
char	452	4	495	65
char	465	184	510	246
char	469	350	511	410
char	478	80	511	140
char	480	455	511	511
char	492	274	511	321
char	494	0	511	49
char	502	323	511	334
char	507	187	510	196
