line	0	7	511	61
line	0	84	511	151
line	0	188	16	231
line	0	234	15	238
line	0	265	511	331
line	0	355	511	422
line	0	445	511	510
word	0	445	332	511
word	0	355	230	422
word	0	277	91	331
word	0	188	16	238
word	0	97	59	151
word	0	7	160	46
word	84	85	228	138
word	115	265	196	330
word	184	8	369	61
word	226	265	260	316
word	252	84	278	136
word	258	355	511	420
word	289	265	408	317
word	300	85	335	137
word	357	445	433	497
word	361	85	447	137
word	393	8	511	47
word	429	276	511	331
word	461	445	495	496
word	471	98	511	137
char	0	453	21	501
char	0	363	18	412
char	0	273	10	322
char	0	183	18	235
char	0	93	19	141
char	0	2	67	50
char	3	230	5	239
char	9	272	51	335
char	11	231	17	242
char	11	229	16	238
char	19	92	61	155
char	21	350	62	411
char	23	453	65	510
char	51	275	93	318
char	65	454	127	500
char	65	363	87	410
char	67	3	96	50
char	80	80	111	141
char	85	350	108	425
char	96	3	162	50
char	108	94	147	141
char	111	260	154	322
char	113	350	129	410
char	127	440	143	500
char	130	363	170	411
char	147	440	186	500
char	148	80	164	140
char	156	271	198	334
char	168	80	184	140
char	171	363	211	425
char	180	3	220	51
char	188	80	230	142
char	190	453	250	500
char	210	350	232	426
char	220	4	261	50
char	222	260	262	320
char	248	79	280	140
char	251	453	291	501
char	254	363	297	424
char	261	3	301	65
char	285	260	328	321
char	292	456	334	499
char	296	80	337	141
char	300	362	340	411
char	305	3	333	50
char	328	272	367	321
char	332	3	371	51
char	343	350	383	411
char	353	440	393	500
char	357	92	397	141
char	370	260	410	320
char	383	363	424	424
char	389	3	450	50
char	395	453	435	501
char	400	80	415	140
char	419	93	449	140
char	425	363	465	412
char	425	274	468	335
char	450	3	488	51
char	457	440	497	500
char	466	362	505	412
char	467	93	507	141
char	469	271	509	320
char	488	3	511	51
char	507	111	511	120
char	507	95	511	106
char	508	374	511	384
char	508	372	511	381
char	508	109	511	118
char	508	107	511	116
char	508	105	511	114
char	508	102	511	112
char	508	99	511	108
