line	0	0	511	60
line	0	85	511	151
line	0	174	511	241
line	0	175	15	177
line	0	179	17	180
line	0	264	511	331
line	0	355	511	421
line	0	445	511	511
word	0	445	124	511
word	0	366	45	421
word	0	264	286	331
word	0	188	99	227
word	0	175	17	180
word	0	96	141	151
word	0	0	197	60
word	68	355	162	407
word	125	174	511	241
word	148	458	264	497
word	171	85	511	151
word	189	367	423	421
word	219	7	511	47
word	292	445	353	497
word	315	276	476	331
word	377	445	511	497
word	449	365	511	418
word	505	265	511	317
char	0	446	21	500
char	0	361	6	415
char	0	183	20	231
char	0	91	23	144
char	1	441	8	457
char	1	259	17	321
char	1	2	43	64
char	2	171	5	181
char	2	142	5	152
char	2	140	11	152
char	3	443	8	452
char	3	174	5	183
char	3	138	12	148
char	5	447	11	457
char	5	363	47	425
char	8	170	17	179
char	10	448	15	457
char	11	442	19	453
char	14	175	19	184
char	19	185	59	230
char	21	272	63	335
char	22	95	63	155
char	23	452	63	511
char	44	2	84	51
char	58	185	101	230
char	63	440	84	511
char	63	275	104	318
char	63	92	101	141
char	64	363	108	410
char	83	0	111	49
char	85	453	126	502
char	90	132	95	141
char	102	93	143	141
char	104	273	142	321
char	108	363	147	411
char	110	0	126	50
char	121	183	162	230
char	124	3	169	51
char	144	454	187	500
char	144	274	184	321
char	148	350	164	410
char	165	170	205	230
char	167	80	183	140
char	170	2	199	50
char	183	94	245	140
char	185	363	225	411
char	187	453	226	501
char	188	260	204	320
char	204	273	247	320
char	205	183	244	231
char	215	2	256	51
char	226	453	266	501
char	227	362	269	424
char	243	170	265	245
char	245	80	286	141
char	248	274	288	321
char	256	4	315	50
char	265	183	307	245
char	271	362	314	425
char	286	93	329	155
char	288	454	327	501
char	307	183	346	231
char	311	272	354	334
char	315	363	345	410
char	315	2	354	51
char	328	440	355	501
char	329	92	372	155
char	344	364	383	411
char	348	183	388	230
char	353	274	394	335
char	353	2	393	51
char	372	93	413	141
char	373	453	413	501
char	373	134	378	143
char	384	362	425	411
char	390	183	431	232
char	394	271	435	334
char	394	4	454	49
char	413	456	455	498
char	415	94	455	141
char	430	169	458	230
char	436	272	478	335
char	443	4	448	13
char	445	363	488	412
char	453	3	511	50
char	454	440	495	500
char	455	183	511	230
char	459	80	511	140
char	475	85	480	94
char	489	360	511	422
char	494	440	510	500
char	501	260	511	321
char	508	183	511	192
