line	0	0	511	61
line	0	85	511	151
line	0	175	511	241
line	0	265	511	331
line	0	354	511	421
line	0	445	511	511
word	0	445	450	511
word	0	355	99	421
word	0	268	51	331
word	0	188	13	225
word	0	100	4	135
word	0	0	141	45
word	11	181	12	182
word	28	99	52	135
word	35	175	413	241
word	70	265	129	331
word	76	85	207	135
word	121	355	159	406
word	151	280	347	316
word	166	9	190	46
word	182	355	296	406
word	214	0	312	61
word	226	85	274	151
word	296	85	492	151
word	312	354	511	421
word	335	0	407	46
word	370	265	511	331
word	429	0	511	61
word	436	189	511	241
word	473	459	507	495
char	0	454	20	511
char	0	350	19	409
char	0	273	15	320
char	0	183	15	229
char	0	95	6	139
char	0	0	18	49
char	1	263	14	278
char	7	176	14	186
char	15	275	53	335
char	16	7	74	49
char	18	442	46	499
char	19	365	62	425
char	24	94	54	139
char	31	170	74	229
char	45	456	83	511
char	61	367	101	409
char	66	260	92	335
char	72	94	111	139
char	73	0	117	49
char	75	184	114	230
char	84	455	116	498
char	96	274	131	319
char	111	97	167	139
char	113	170	136	227
char	116	440	139	497
char	116	220	135	229
char	116	6	143	49
char	117	350	161	410
char	136	186	169	229
char	139	457	179	499
char	147	276	189	319
char	162	4	192	50
char	167	80	209	139
char	169	170	211	229
char	178	350	225	409
char	179	457	236	499
char	189	275	225	319
char	210	0	255	49
char	212	186	248	229
char	222	80	249	155
char	223	350	263	410
char	226	275	259	319
char	228	456	233	465
char	236	455	298	499
char	248	170	290	230
char	250	490	259	499
char	251	80	276	139
char	252	0	276	50
char	260	275	293	318
char	263	350	298	409
char	266	490	277	499
char	275	5	314	65
char	289	5	294	14
char	290	170	314	230
char	292	278	349	320
char	292	95	336	139
char	298	458	338	511
char	308	364	352	425
char	311	186	354	245
char	331	0	375	50
char	336	95	379	155
char	338	440	379	497
char	352	365	380	409
char	353	187	393	229
char	366	275	406	335
char	375	5	409	49
char	379	456	414	499
char	380	95	412	139
char	381	365	418	410
char	392	170	415	229
char	405	260	447	319
char	412	98	451	140
char	413	455	452	511
char	418	366	475	410
char	425	0	486	65
char	432	184	472	245
char	447	277	486	320
char	450	80	473	137
char	469	454	504	499
char	470	80	494	139
char	471	188	510	227
char	474	349	511	409
char	486	260	511	319
char	487	5	511	65
char	503	220	509	229
char	504	350	509	359
