line	0	4	511	72
line	0	94	511	160
line	0	182	511	247
line	0	270	511	335
line	0	358	511	423
line	508	359	511	363
line	0	446	511	497
word	0	446	88	497
word	0	358	47	409
word	0	270	197	321
word	0	243	0	243
word	0	189	98	247
word	0	100	148	159
word	0	2	195	72
word	68	358	122	409
word	109	446	247	497
word	121	182	242	247
word	141	358	259	408
word	170	94	344	160
word	214	6	511	56
word	222	287	253	335
word	264	182	319	247
word	268	446	492	496
word	276	270	511	321
word	284	358	402	423
word	341	182	511	232
word	364	94	511	145
word	421	376	456	408
word	478	374	511	409
word	508	359	511	363
char	0	441	46	500
char	0	370	10	413
char	0	281	32	324
char	0	238	2	247
char	0	193	11	236
char	0	123	2	132
char	0	19	30	76
char	1	106	39	148
char	10	353	49	413
char	11	194	48	251
char	30	18	66	75
char	31	282	63	324
char	38	95	61	148
char	46	441	67	500
char	47	184	70	235
char	58	109	98	163
char	60	282	87	322
char	63	21	104	75
char	64	353	86	412
char	67	447	90	501
char	69	195	100	237
char	85	372	124	413
char	86	270	163	325
char	95	107	150	146
char	104	17	138	60
char	105	441	127	500
char	117	194	153	236
char	127	459	157	501
char	137	353	180	412
char	138	4	159	59
char	153	193	186	237
char	156	458	195	499
char	158	1	197	60
char	162	265	199	324
char	166	105	194	148
char	174	371	213	412
char	186	193	225	251
char	194	89	226	148
char	195	441	215	500
char	210	17	250	60
char	212	359	235	412
char	215	458	249	500
char	218	282	255	339
char	222	177	244	236
char	224	89	248	164
char	235	370	261	412
char	248	104	288	163
char	249	1	286	60
char	260	177	296	237
char	264	457	300	500
char	272	281	300	325
char	280	369	307	413
char	283	194	321	251
char	286	18	322	60
char	287	106	323	149
char	300	441	337	500
char	300	271	402	324
char	307	353	346	412
char	322	21	377	60
char	324	89	346	148
char	337	458	374	499
char	337	195	375	236
char	345	353	366	413
char	360	89	399	148
char	365	370	404	427
char	371	19	376	28
char	373	441	436	500
char	374	193	434	236
char	376	17	408	60
char	399	109	435	148
char	400	285	439	324
char	407	17	440	60
char	417	371	458	412
char	433	193	465	236
char	435	89	474	148
char	436	441	455	500
char	438	283	474	324
char	439	1	478	60
char	454	441	494	500
char	464	177	485	235
char	473	89	511	149
char	474	369	502	413
char	474	265	511	324
char	478	19	510	60
char	483	195	511	236
char	502	369	511	413
char	504	354	511	367
