line	0	0	511	61
line	0	84	511	151
line	171	139	171	139
line	0	175	363	242
line	0	264	511	319
line	0	321	11	322
line	0	324	12	330
line	507	355	511	355
line	0	355	511	421
line	0	445	511	511
word	0	445	104	497
word	0	355	267	421
word	0	279	13	330
word	0	188	132	242
word	0	85	49	151
word	0	0	107	61
word	39	264	105	316
word	79	98	110	136
word	131	265	150	317
word	131	8	166	61
word	134	445	167	497
word	139	84	250	139
word	160	175	246	226
word	175	279	205	317
word	191	8	261	47
word	192	445	267	497
word	234	278	340	317
word	272	85	353	137
word	276	175	363	227
word	286	445	383	511
word	292	0	511	61
word	293	368	401	421
word	364	265	511	317
word	380	84	511	151
word	407	445	453	511
word	427	368	511	407
word	482	458	511	511
word	507	355	511	355
char	0	441	15	501
char	0	363	35	410
char	0	319	14	334
char	0	274	15	323
char	0	183	15	246
char	0	93	35	155
char	0	2	31	50
char	2	316	4	325
char	8	317	13	326
char	14	440	57	500
char	20	183	55	232
char	30	4	67	65
char	35	260	47	320
char	36	364	75	425
char	39	80	51	140
char	46	259	74	320
char	55	441	66	500
char	59	183	95	230
char	68	440	106	501
char	71	0	109	51
char	73	275	107	320
char	75	93	112	140
char	76	363	111	411
char	97	183	134	232
char	111	364	150	410
char	127	260	152	321
char	127	3	168	65
char	130	440	169	501
char	135	79	174	141
char	150	350	172	411
char	156	170	192	230
char	167	134	173	143
char	171	363	227	411
char	171	274	207	321
char	174	81	196	141
char	187	3	223	51
char	188	440	227	501
char	194	94	230	140
char	196	183	232	230
char	205	131	210	140
char	227	3	263	50
char	230	273	269	321
char	230	80	252	141
char	231	440	269	501
char	231	363	269	425
char	236	170	248	230
char	268	80	293	141
char	269	275	308	318
char	272	170	308	230
char	282	440	303	511
char	288	3	326	64
char	289	363	328	412
char	289	94	344	140
char	303	454	359	500
char	307	273	342	321
char	313	170	324	230
char	325	170	365	231
char	327	363	366	425
char	328	3	383	50
char	344	80	355	140
char	360	453	385	500
char	360	274	416	320
char	366	364	403	425
char	376	79	404	140
char	381	0	399	65
char	399	95	438	141
char	403	453	441	510
char	404	3	439	50
char	415	273	450	321
char	423	363	500	410
char	437	80	476	141
char	443	440	455	500
char	443	0	482	51
char	452	260	464	320
char	468	273	511	320
char	477	94	511	155
char	478	453	511	510
char	482	6	511	65
char	500	363	511	411
char	503	350	510	359
