line	0	0	511	67
line	0	89	511	155
line	0	178	511	245
line	0	267	511	319
line	0	356	511	423
line	0	445	511	511
word	0	445	107	496
word	0	356	143	423
word	0	283	90	318
word	0	178	51	245
word	0	89	356	155
word	0	0	101	66
word	74	178	379	245
word	108	267	201	319
word	120	0	171	67
word	129	445	221	511
word	164	373	252	408
word	196	0	375	66
word	221	271	349	319
word	244	445	366	496
word	274	356	474	408
word	371	267	490	318
word	378	106	405	140
word	386	460	511	496
word	396	0	511	67
word	400	194	511	244
word	426	89	511	155
word	496	356	511	407
word	509	279	511	319
char	0	455	11	499
char	0	369	31	427
char	0	279	27	322
char	0	190	34	249
char	0	99	21	145
char	0	7	7	56
char	3	441	10	453
char	5	452	10	461
char	6	0	46	54
char	10	440	49	499
char	13	490	18	499
char	21	84	95	159
char	27	281	64	319
char	30	351	50	409
char	33	173	53	230
char	45	13	83	70
char	47	458	74	499
char	49	351	88	410
char	63	278	92	321
char	70	189	99	234
char	71	440	109	500
char	80	1	103	54
char	86	371	125	411
char	94	84	135	145
char	99	193	138	249
char	104	277	165	321
char	116	0	153	55
char	125	447	151	501
char	125	351	145	410
char	131	104	185	144
char	137	190	176	248
char	149	459	186	511
char	150	0	173	71
char	160	368	201	412
char	165	262	203	323
char	173	191	212	233
char	184	440	223	500
char	184	90	210	144
char	192	0	231	55
char	198	369	254	412
char	205	101	262	141
char	205	99	210	108
char	211	173	264	249
char	217	266	243	323
char	221	101	226	110
char	230	13	269	70
char	239	279	296	321
char	240	456	273	500
char	252	134	257	143
char	254	134	261	143
char	261	104	299	144
char	267	173	307	234
char	269	12	305	55
char	270	368	304	411
char	273	440	311	500
char	295	282	351	322
char	299	101	358	142
char	303	357	326	412
char	303	190	341	248
char	305	12	340	56
char	309	457	368	497
char	325	369	356	411
char	338	12	377	70
char	341	173	381	233
char	357	351	400	409
char	367	279	401	322
char	374	101	407	144
char	382	455	448	500
char	392	0	447	71
char	396	189	436	248
char	399	371	437	410
char	399	262	437	319
char	422	102	464	159
char	433	192	487	233
char	436	282	492	322
char	437	367	476	410
char	448	457	479	500
char	450	12	487	55
char	461	84	499	144
char	466	135	471	144
char	479	457	511	500
char	486	191	511	233
char	487	12	511	71
char	492	351	511	411
char	499	84	511	142
char	505	274	511	323
