line	0	6	511	71
line	0	9	18	9
line	0	181	511	246
line	0	270	511	335
line	0	358	511	422
line	501	362	511	362
line	0	446	511	511
word	0	446	363	511
word	0	358	165	409
word	0	282	65	335
word	0	182	119	234
word	0	18	90	60
word	17	9	18	9
word	89	270	310	335
word	115	6	356	71
word	140	181	445	246
word	195	358	313	409
word	336	270	427	320
word	337	358	511	422
word	386	7	419	56
word	392	447	467	497
word	442	20	511	57
word	452	270	511	320
word	472	182	511	233
word	489	460	511	496
word	501	362	501	362
char	0	451	20	500
char	0	366	20	412
char	0	278	38	339
char	0	190	37	238
char	0	13	21	64
char	1	442	19	458
char	2	449	5	458
char	5	451	10	460
char	7	451	12	460
char	12	451	19	461
char	13	4	20	13
char	20	442	35	500
char	23	353	64	413
char	23	14	51	60
char	37	455	77	501
char	38	277	67	324
char	39	177	78	236
char	51	15	92	61
char	66	366	105	413
char	77	454	117	511
char	78	191	121	236
char	85	265	101	324
char	103	277	145	339
char	109	353	125	412
char	111	15	147	61
char	120	441	162	501
char	129	367	167	413
char	136	176	167	236
char	146	1	167	75
char	148	279	187	325
char	162	191	200	237
char	163	455	202	501
char	168	3	196	61
char	191	366	230	412
char	191	277	231	324
char	195	2	210	60
char	202	177	241	236
char	204	454	247	502
char	215	2	253	60
char	230	279	272	324
char	233	353	275	413
char	241	191	280	250
char	245	456	287	511
char	257	2	298	61
char	271	281	312	324
char	272	279	283	288
char	274	367	315	412
char	284	190	323	237
char	287	442	302	500
char	300	15	337	61
char	306	454	365	500
char	324	190	364	237
char	332	265	371	324
char	333	366	373	413
char	336	1	358	75
char	365	190	404	237
char	369	279	429	324
char	374	353	415	413
char	382	2	421	60
char	388	442	429	501
char	408	190	447	237
char	415	367	454	413
char	429	454	469	501
char	438	15	478	61
char	448	265	464	324
char	454	366	493	413
char	467	277	511	324
char	468	177	510	237
char	478	15	511	61
char	485	455	511	500
char	493	366	511	426
char	497	357	502	366
char	499	412	504	421
