line	0	0	511	61
line	0	85	511	151
line	0	175	511	241
line	0	265	511	331
line	0	321	14	330
line	0	354	511	422
line	0	445	511	511
word	0	445	326	511
word	0	355	146	420
word	0	265	134	330
word	0	175	112	228
word	0	99	54	136
word	0	0	115	47
word	75	85	93	137
word	117	98	151	137
word	137	0	421	61
word	140	188	184	226
word	160	265	455	331
word	170	368	202	421
word	177	85	308	151
word	208	175	266	241
word	229	355	283	421
word	296	175	511	228
word	309	355	374	422
word	332	85	445	138
word	353	458	386	511
word	404	354	438	406
word	413	458	472	497
word	447	8	511	60
word	456	369	491	406
word	469	86	511	137
word	481	265	511	317
word	496	445	511	498
char	0	453	35	500
char	0	352	15	411
char	0	273	16	323
char	0	183	37	232
char	0	94	56	140
char	0	0	16	51
char	1	316	16	334
char	2	319	4	328
char	3	317	10	327
char	15	364	51	424
char	19	260	57	322
char	20	3	75	50
char	36	453	77	502
char	39	170	75	230
char	55	350	67	410
char	60	273	95	321
char	69	363	109	411
char	71	80	95	141
char	77	183	114	232
char	79	440	91	500
char	79	0	117	50
char	93	454	133	501
char	98	273	136	322
char	110	364	148	412
char	113	93	153	141
char	133	453	173	501
char	133	4	173	51
char	136	183	162	230
char	156	273	192	334
char	161	183	186	230
char	166	363	204	425
char	173	440	199	499
char	173	93	213	141
char	175	0	213	52
char	182	491	187	500
char	184	491	189	500
char	190	260	208	335
char	198	455	219	500
char	204	170	216	230
char	206	260	224	335
char	216	183	256	245
char	216	80	253	141
char	216	3	252	51
char	217	454	256	511
char	225	350	249	412
char	228	260	265	320
char	231	415	238	424
char	238	415	245	424
char	248	365	285	425
char	250	80	268	155
char	255	440	268	500
char	256	170	268	230
char	256	1	267	50
char	265	273	300	320
char	269	3	307	52
char	270	93	310	143
char	272	453	328	500
char	292	170	328	230
char	304	260	342	320
char	305	364	344	426
char	306	0	323	65
char	328	80	368	142
char	328	3	385	50
char	330	183	370	232
char	341	274	379	321
char	342	350	365	410
char	349	453	388	511
char	365	350	376	410
char	370	183	411	231
char	370	93	411	141
char	381	273	417	320
char	386	3	423	51
char	400	350	412	410
char	409	453	446	501
char	411	183	447	231
char	411	93	447	141
char	412	349	440	410
char	417	274	457	335
char	443	3	480	64
char	447	184	483	232
char	448	453	474	500
char	452	364	493	410
char	465	81	511	141
char	477	260	511	321
char	482	3	511	53
char	483	48	494	62
char	485	183	511	230
char	492	440	511	502
