line	0	0	511	61
line	0	85	511	151
line	0	175	511	242
line	0	265	511	331
line	0	355	511	421
line	0	444	511	511
word	0	371	9	406
word	0	278	4	316
word	0	175	441	242
word	0	85	125	151
word	0	0	511	61
word	19	444	75	511
word	28	265	277	331
word	32	355	511	421
word	96	445	511	511
word	146	85	184	135
word	208	85	449	135
word	302	265	476	315
word	463	175	511	225
word	473	99	511	151
word	496	280	511	331
char	0	366	11	410
char	0	273	6	320
char	0	184	14	229
char	0	94	15	155
char	0	4	19	65
char	13	188	52	229
char	15	454	55	511
char	15	80	58	137
char	17	0	41	47
char	24	274	67	335
char	28	365	72	425
char	39	8	79	49
char	52	186	108	229
char	54	439	77	497
char	57	80	99	139
char	66	260	109	319
char	72	365	114	409
char	79	5	112	49
char	92	456	134	500
char	99	83	127	139
char	108	185	171	229
char	109	260	157	319
char	112	5	155	65
char	114	365	178	409
char	127	220	135	229
char	134	440	176	497
char	136	490	155	499
char	142	80	186	139
char	152	490	157	499
char	155	5	218	49
char	156	278	195	320
char	171	170	214	230
char	175	456	214	499
char	178	365	211	409
char	195	260	237	319
char	204	95	247	139
char	211	350	234	409
char	213	188	253	246
char	214	440	258	499
char	218	5	260	49
char	232	367	288	410
char	237	276	279	319
char	247	95	282	139
char	253	185	286	229
char	256	457	298	499
char	261	4	299	50
char	262	220	267	229
char	280	97	338	139
char	286	185	324	229
char	288	366	327	425
char	298	455	332	499
char	298	274	332	319
char	299	5	341	65
char	323	170	365	230
char	327	352	353	409
char	331	455	367	499
char	333	260	365	318
char	338	96	379	139
char	340	7	375	47
char	353	366	390	409
char	359	276	396	319
char	365	170	407	230
char	368	457	425	499
char	374	0	400	65
char	378	80	420	139
char	390	352	416	409
char	396	262	423	319
char	402	5	446	50
char	407	184	443	229
char	417	350	457	409
char	420	94	451	139
char	421	278	478	319
char	425	455	467	511
char	446	5	480	49
char	457	368	511	409
char	459	170	483	229
char	466	440	511	499
char	469	94	511	155
char	481	5	511	49
char	482	220	487	229
char	483	187	511	229
char	492	275	511	335
