line	0	0	511	47
line	0	85	511	152
line	0	175	88	227
line	0	265	511	331
line	0	355	511	422
line	0	444	511	511
word	0	444	28	496
word	0	265	194	331
word	0	175	88	227
word	0	85	440	151
word	0	10	104	47
word	17	355	124	422
word	52	445	128	495
word	126	0	242	45
word	145	355	407	407
word	149	445	242	497
word	213	270	233	317
word	255	282	325	331
word	263	445	361	511
word	263	0	511	47
word	345	265	511	317
word	386	445	511	496
word	430	355	493	407
word	462	90	511	152
char	0	439	30	500
char	0	306	2	316
char	0	304	2	313
char	0	302	2	311
char	0	294	2	303
char	0	186	12	231
char	0	98	9	141
char	0	6	31	49
char	2	277	41	335
char	2	170	8	179
char	3	326	8	335
char	4	172	10	181
char	6	96	42	141
char	10	170	49	229
char	13	350	35	409
char	31	10	71	51
char	34	369	90	410
char	40	260	75	319
char	42	97	63	140
char	48	440	71	499
char	48	170	90	229
char	62	80	85	155
char	65	280	102	319
char	70	440	91	499
char	70	5	106	50
char	83	80	107	155
char	88	366	126	426
char	89	457	130	499
char	102	266	125	320
char	108	98	149	141
char	122	6	184	49
char	125	278	160	321
char	141	368	182	411
char	145	440	167	499
char	148	97	184	141
char	160	277	196	321
char	166	460	205	501
char	180	350	220	407
char	183	0	204	49
char	184	96	221	141
char	203	0	244	49
char	204	458	244	500
char	209	265	235	321
char	219	350	240	409
char	221	80	260	137
char	240	350	273	409
char	246	130	251	139
char	248	130	253	139
char	250	130	255	139
char	251	277	289	335
char	252	130	259	139
char	259	440	299	501
char	259	80	298	139
char	259	6	296	51
char	263	370	319	411
char	288	280	327	317
char	295	100	336	155
char	297	460	337	511
char	297	6	325	50
char	318	366	350	411
char	325	0	362	51
char	335	97	372	155
char	337	456	363	498
char	341	277	398	320
char	350	350	371	409
char	362	7	396	51
char	370	370	409	411
char	371	97	410	137
char	382	440	404	499
char	396	8	450	50
char	397	260	437	317
char	403	457	442	499
char	410	97	442	141
char	426	366	455	411
char	434	310	439	319
char	434	277	492	319
char	442	456	469	500
char	450	6	485	51
char	454	350	495	409
char	458	85	484	142
char	469	457	497	498
char	469	455	474	464
char	469	400	474	409
char	481	98	511	156
char	486	7	511	49
char	491	260	511	321
char	496	440	511	499
