line	0	1	511	67
line	0	90	511	155
line	0	178	511	245
line	0	281	56	320
line	0	356	511	409
line	0	445	408	511
word	0	445	40	497
word	0	357	164	409
word	0	281	56	320
word	0	191	62	243
word	0	93	52	141
word	0	0	145	53
word	17	93	17	93
word	65	445	323	511
word	72	90	93	141
word	92	179	257	245
word	119	90	229	155
word	172	14	206	53
word	190	356	389	409
word	230	0	489	67
word	258	90	511	155
word	280	179	380	244
word	345	446	408	511
word	409	178	511	231
word	414	356	511	408
char	0	440	7	499
char	0	276	18	324
char	0	186	21	247
char	0	95	20	145
char	1	366	40	413
char	1	1	40	55
char	3	454	42	501
char	3	91	5	100
char	3	88	7	98
char	13	88	19	97
char	18	276	58	324
char	24	97	54	144
char	25	186	64	233
char	39	366	83	411
char	42	7	85	57
char	61	454	100	501
char	68	85	95	145
char	83	352	123	411
char	87	1	105	55
char	88	186	126	235
char	100	455	140	511
char	107	9	147	55
char	115	85	132	144
char	125	174	147	249
char	127	364	166	411
char	132	85	159	145
char	141	453	180	500
char	151	186	210	233
char	156	100	210	144
char	168	9	208	57
char	181	440	224	501
char	186	365	228	411
char	208	174	231	249
char	209	85	231	159
char	225	453	267	511
char	226	9	266	57
char	228	365	266	413
char	231	174	259	234
char	254	85	295	144
char	266	363	305	412
char	266	10	306	71
char	267	453	304	503
char	276	174	319	235
char	298	98	339	158
char	303	441	325	511
char	305	351	347	413
char	306	9	343	56
char	320	186	362	248
char	338	85	381	145
char	341	441	365	511
char	345	9	405	55
char	348	352	391	413
char	365	174	382	233
char	367	441	410	501
char	382	85	424	145
char	405	174	447	235
char	409	1	449	55
char	410	365	453	411
char	428	85	444	144
char	446	85	488	145
char	448	10	491	55
char	449	174	465	233
char	453	365	491	412
char	464	173	495	233
char	487	99	511	159
char	493	351	511	411
char	495	176	509	233
char	498	174	503	183
