line	0	6	511	72
line	0	94	140	159
line	0	182	511	246
line	0	269	511	335
line	0	358	511	423
line	0	446	511	511
line	499	460	511	460
word	0	463	85	511
word	0	358	50	409
word	0	94	140	159
word	0	24	11	62
word	16	182	186	232
word	18	270	126	321
word	30	6	340	72
word	70	358	223	409
word	106	446	388	511
word	145	270	181	320
word	194	270	213	335
word	205	182	272	232
word	238	269	511	335
word	242	358	511	423
word	291	182	489	233
word	359	6	511	72
word	408	462	481	511
word	498	460	511	511
word	507	182	511	246
char	0	458	30	511
char	0	371	32	413
char	0	105	68	148
char	0	19	13	66
char	2	55	4	64
char	12	193	44	236
char	14	265	92	324
char	26	18	67	60
char	28	458	87	498
char	31	353	52	412
char	44	197	97	236
char	66	369	125	412
char	66	18	103	75
char	67	89	105	149
char	85	195	91	204
char	89	195	96	204
char	90	265	128	325
char	96	181	119	236
char	101	18	128	58
char	102	458	135	501
char	104	108	142	163
char	119	195	149	236
char	124	369	150	411
char	127	1	185	60
char	134	441	171	500
char	141	265	183	324
char	148	353	186	412
char	149	177	188	236
char	171	441	191	499
char	184	18	216	60
char	186	353	225	413
char	190	265	215	339
char	191	441	230	500
char	201	177	242	236
char	215	18	254	75
char	228	459	266	511
char	234	265	274	325
char	238	353	277	412
char	241	194	274	236
char	251	21	288	58
char	265	441	285	498
char	273	264	307	324
char	277	373	315	412
char	286	458	317	501
char	287	193	404	236
char	287	19	319	76
char	299	283	329	325
char	313	353	350	412
char	318	441	338	500
char	318	1	342	76
char	328	282	366	339
char	338	441	358	500
char	350	370	386	412
char	355	1	380	76
char	359	459	390	501
char	365	270	389	324
char	382	1	422	61
char	385	283	424	323
char	386	353	421	412
char	403	177	466	236
char	404	457	444	511
char	409	370	437	411
char	419	21	458	59
char	424	282	450	324
char	436	353	469	413
char	444	457	483	511
char	450	285	504	324
char	457	18	493	76
char	460	370	498	427
char	462	195	491	237
char	492	18	511	58
char	494	457	511	511
char	495	455	500	464
char	496	369	511	413
char	499	416	510	427
char	503	282	511	325
char	503	177	511	250
