line	0	0	511	61
line	0	83	511	151
line	0	175	511	241
line	0	264	511	332
line	0	355	511	422
line	0	355	18	362
line	0	444	511	511
line	502	508	511	510
word	0	445	136	511
word	0	355	236	422
word	0	278	63	332
word	0	189	40	226
word	0	85	310	151
word	0	0	511	61
word	63	175	511	241
word	85	264	218	317
word	162	444	416	511
word	243	276	343	318
word	262	368	299	421
word	324	355	511	407
word	336	83	510	151
word	368	265	511	330
word	439	445	511	499
word	502	508	511	511
char	0	451	15	501
char	0	359	21	410
char	0	350	13	366
char	0	273	22	336
char	0	184	42	230
char	0	94	34	140
char	0	0	24	52
char	3	441	15	456
char	13	351	20	366
char	14	440	37	511
char	21	363	47	410
char	21	273	65	320
char	25	3	65	50
char	32	80	55	155
char	37	454	99	500
char	47	365	87	426
char	58	93	101	154
char	59	182	100	232
char	67	3	107	51
char	81	259	112	321
char	87	363	129	411
char	99	453	138	501
char	101	170	119	230
char	104	80	120	140
char	108	3	168	50
char	110	274	149	321
char	118	183	159	232
char	123	80	165	141
char	131	362	161	410
char	153	272	182	320
char	158	440	186	501
char	160	350	176	410
char	160	183	200	231
char	166	93	206	141
char	169	0	198	50
char	180	350	196	410
char	181	271	220	321
char	186	453	225	501
char	197	363	238	411
char	197	0	236	50
char	201	183	262	230
char	207	91	268	140
char	226	440	266	500
char	238	2	280	64
char	239	271	283	322
char	258	363	301	425
char	265	454	308	511
char	265	183	306	231
char	270	91	312	155
char	282	274	345	320
char	283	0	323	50
char	306	183	347	232
char	308	453	348	510
char	320	364	383	410
char	323	4	363	51
char	332	94	374	141
char	347	185	386	245
char	351	439	418	500
char	364	260	380	320
char	366	3	427	50
char	373	94	410	155
char	381	271	422	321
char	382	363	421	411
char	386	184	427	245
char	408	80	430	155
char	420	350	447	411
char	421	276	463	319
char	427	183	466	231
char	429	0	491	65
char	434	80	477	141
char	435	453	475	500
char	447	363	486	411
char	464	271	505	334
char	467	183	511	231
char	477	78	507	139
char	479	440	495	500
char	490	350	511	411
char	494	0	511	50
char	497	451	511	503
char	498	503	510	510
char	500	447	506	457
char	505	260	511	320
