line	0	6	511	71
line	0	95	511	160
line	0	182	511	247
line	0	271	189	336
line	0	357	511	423
line	0	446	511	497
word	0	459	3	493
word	0	358	279	423
word	0	271	189	336
word	0	182	32	233
word	0	21	11	71
word	18	95	421	145
word	24	447	106	497
word	33	7	259	71
word	57	184	145	247
word	128	460	161	496
word	175	195	262	233
word	182	460	231	496
word	253	446	511	497
word	288	20	377	57
word	292	183	321	232
word	300	357	426	423
word	351	182	382	233
word	402	7	433	57
word	406	182	511	247
word	445	372	495	408
word	445	95	511	160
word	459	6	511	57
char	0	454	5	497
char	0	353	31	414
char	0	279	33	340
char	0	177	34	237
char	0	16	13	75
char	14	90	26	148
char	20	454	57	501
char	29	103	65	148
char	29	2	53	61
char	30	280	83	322
char	31	354	69	413
char	53	179	77	238
char	53	15	88	75
char	57	442	69	500
char	65	103	103	148
char	69	455	108	500
char	73	354	109	412
char	75	193	112	251
char	82	280	118	339
char	92	14	127	60
char	102	103	139	148
char	107	367	144	427
char	112	191	147	250
char	117	279	154	339
char	124	455	163	500
char	132	2	143	60
char	139	103	176	149
char	145	366	185	413
char	145	14	184	61
char	154	266	191	325
char	171	190	226	236
char	178	455	233	500
char	178	103	233	148
char	185	366	224	413
char	185	15	223	61
char	225	15	261	61
char	226	366	281	412
char	229	192	264	237
char	234	103	270	149
char	249	442	273	501
char	270	103	308	149
char	273	455	307	501
char	284	15	340	60
char	288	178	323	236
char	296	354	316	427
char	308	441	334	500
char	308	102	362	148
char	316	352	343	412
char	333	442	366	500
char	340	367	364	412
char	341	15	379	61
char	342	367	349	376
char	347	177	384	237
char	363	367	399	427
char	363	90	386	149
char	370	441	417	500
char	385	90	423	149
char	398	2	435	61
char	402	366	428	412
char	402	178	426	238
char	413	456	450	501
char	425	192	461	251
char	441	367	497	412
char	441	90	465	149
char	453	454	508	500
char	455	15	494	61
char	461	177	511	236
char	464	90	476	148
char	477	103	511	164
char	496	1	511	61
