line	0	6	511	71
line	0	93	511	159
line	0	182	511	247
line	0	270	511	335
line	0	359	16	363
line	0	368	5	368
line	0	370	216	409
line	0	445	511	511
word	0	446	18	496
word	0	359	216	409
word	0	270	209	321
word	0	182	98	233
word	0	107	38	144
word	0	6	351	71
word	47	447	142	497
word	64	107	98	145
word	121	93	363	159
word	125	182	191	233
word	168	446	192	496
word	212	182	422	233
word	214	446	286	511
word	235	271	287	321
word	316	445	511	511
word	316	283	511	335
word	372	6	390	71
word	392	108	425	145
word	418	6	511	57
word	450	183	509	247
word	453	94	511	147
char	0	453	20	500
char	0	451	5	460
char	0	365	20	412
char	0	266	40	325
char	0	177	20	236
char	0	102	40	148
char	0	1	20	62
char	1	441	18	458
char	1	363	7	372
char	2	451	10	460
char	2	354	11	367
char	10	356	18	366
char	10	354	16	363
char	12	448	17	457
char	18	367	62	412
char	22	14	64	74
char	24	177	39	236
char	41	278	83	325
char	43	442	59	500
char	43	177	59	236
char	60	190	100	237
char	60	102	100	149
char	62	366	121	412
char	63	442	102	500
char	66	1	107	61
char	86	278	125	324
char	105	455	144	501
char	107	15	150	61
char	117	88	148	148
char	121	367	181	412
char	121	177	162	237
char	125	265	154	324
char	144	103	185	149
char	149	14	191	75
char	152	279	211	324
char	163	189	193	236
char	164	441	194	500
char	180	366	218	413
char	184	103	224	163
char	190	14	232	75
char	208	190	248	237
char	210	454	268	500
char	225	89	264	148
char	231	278	271	325
char	233	2	248	60
char	249	177	265	236
char	252	1	292	62
char	263	102	322	148
char	264	190	306	236
char	266	441	288	511
char	273	266	289	324
char	292	2	334	61
char	306	190	365	236
char	312	455	351	501
char	312	278	351	324
char	324	102	365	163
char	337	1	353	60
char	350	279	392	339
char	351	440	381	501
char	365	177	380	236
char	368	1	392	75
char	379	455	437	500
char	384	177	424	236
char	388	103	427	149
char	392	279	431	325
char	414	15	454	61
char	432	278	473	325
char	439	454	480	511
char	446	178	462	236
char	449	102	489	149
char	455	1	494	60
char	464	190	506	251
char	473	279	511	324
char	483	454	511	500
char	489	89	511	151
char	494	2	511	60
