line	0	1	511	66
line	0	90	511	155
line	0	178	511	245
line	0	268	511	333
line	0	357	511	422
line	0	445	511	511
word	0	445	234	511
word	0	357	100	422
word	0	281	14	319
word	0	178	203	244
word	0	90	362	155
word	0	0	406	66
word	40	268	120	320
word	127	357	199	422
word	137	268	287	333
word	229	357	332	409
word	233	179	313	230
word	264	446	466	498
word	313	268	511	333
word	336	179	349	244
word	360	357	496	422
word	379	192	489	245
word	388	91	511	154
word	429	0	511	65
word	494	446	500	496
char	0	454	14	511
char	0	366	34	411
char	0	276	16	323
char	0	174	15	234
char	0	10	15	57
char	2	85	35	144
char	14	440	50	500
char	16	174	54	234
char	19	1	55	56
char	32	491	37	500
char	34	364	69	425
char	34	85	70	145
char	36	276	76	323
char	48	457	85	511
char	54	173	82	233
char	54	10	92	57
char	67	352	86	426
char	72	97	110	158
char	75	189	115	248
char	78	263	122	324
char	85	454	123	501
char	89	352	102	411
char	92	11	145	54
char	113	187	148	248
char	114	85	151	146
char	123	365	161	426
char	125	454	160	500
char	133	263	153	337
char	145	9	181	70
char	147	174	165	248
char	152	98	189	159
char	154	276	193	322
char	161	455	200	500
char	165	352	201	411
char	167	187	205	247
char	182	1	221	58
char	193	276	231	323
char	193	98	229	146
char	199	454	236	511
char	225	352	261	411
char	225	1	261	55
char	229	174	265	233
char	231	85	269	145
char	233	276	289	322
char	260	441	272	500
char	260	10	294	56
char	261	352	297	412
char	265	188	304	234
char	271	98	309	146
char	273	454	310	502
char	295	9	330	57
char	296	352	334	413
char	305	174	315	233
char	307	85	324	159
char	309	441	347	501
char	309	276	349	324
char	328	85	364	144
char	332	174	351	248
char	332	1	369	57
char	348	454	389	501
char	351	275	386	322
char	356	352	368	411
char	368	365	423	411
char	370	9	408	57
char	375	187	411	233
char	384	99	424	144
char	385	263	403	337
char	391	441	427	500
char	407	263	442	322
char	413	187	452	235
char	422	365	459	426
char	423	98	458	144
char	425	1	463	57
char	428	454	468	501
char	443	277	499	322
char	452	189	491	249
char	463	365	498	413
char	463	98	501	158
char	464	2	488	57
char	488	9	511	69
char	490	441	502	500
char	498	276	511	323
char	500	86	511	143
