line	0	0	511	67
line	0	89	511	155
line	0	179	511	245
line	0	268	511	333
line	0	356	511	422
line	0	446	511	511
word	0	446	96	511
word	0	356	409	422
word	0	268	115	319
word	0	179	119	231
word	0	90	60	155
word	0	0	70	65
word	84	89	251	142
word	97	0	409	65
word	124	459	246	497
word	141	268	270	333
word	147	179	346	245
word	276	459	308	511
word	279	90	437	154
word	296	268	511	333
word	334	459	367	497
word	371	179	511	244
word	393	459	511	511
word	432	0	509	67
word	438	369	511	421
word	465	89	511	155
char	0	453	10	500
char	0	352	17	412
char	0	276	31	322
char	0	180	13	233
char	0	86	6	146
char	0	9	13	69
char	1	451	5	460
char	2	179	4	188
char	3	177	7	187
char	5	85	22	159
char	7	441	26	511
char	11	0	37	55
char	13	174	86	234
char	15	352	34	426
char	25	97	62	146
char	30	441	42	500
char	31	276	66	323
char	33	10	72	57
char	34	365	74	412
char	46	453	81	500
char	66	276	105	322
char	74	364	110	412
char	80	441	98	511
char	80	98	120	146
char	86	187	121	235
char	93	1	131	57
char	105	263	117	322
char	110	352	121	411
char	119	84	145	144
char	120	454	157	501
char	123	363	161	426
char	134	1	144	55
char	137	263	161	323
char	142	98	178	145
char	143	187	183	235
char	149	1	160	55
char	156	455	193	499
char	161	263	197	322
char	165	352	177	411
char	165	9	201	57
char	177	353	201	412
char	177	98	213	144
char	185	174	196	233
char	193	454	248	500
char	194	174	212	249
char	196	263	232	323
char	201	366	239	412
char	202	9	239	57
char	217	187	252	233
char	217	98	253	144
char	233	277	272	337
char	238	1	276	57
char	239	352	276	412
char	256	174	268	233
char	270	186	310	235
char	272	454	310	511
char	275	98	313	145
char	278	365	314	413
char	278	9	316	69
char	292	263	327	322
char	310	190	348	233
char	310	99	364	144
char	314	351	339	410
char	316	10	355	56
char	325	278	363	337
char	330	454	369	501
char	335	352	372	413
char	353	9	390	55
char	363	276	398	324
char	364	98	401	158
char	367	174	404	233
char	373	365	411	426
char	389	454	427	510
char	389	1	411	56
char	398	277	438	337
char	402	190	439	248
char	404	85	439	144
char	427	455	482	501
char	428	9	466	71
char	434	364	471	425
char	437	276	474	336
char	439	174	450	234
char	452	187	492	235
char	461	98	498	146
char	470	1	506	55
char	475	365	511	425
char	475	276	511	326
char	477	321	482	330
char	483	454	511	501
char	495	187	511	234
char	497	84	511	159
