line	0	5	477	72
line	0	93	511	159
line	0	182	511	248
line	0	270	511	336
line	0	358	511	424
line	0	446	511	511
word	0	446	159	511
word	0	358	81	409
word	0	286	30	320
word	0	199	25	233
word	0	111	149	159
word	0	6	178	72
word	46	200	97	233
word	51	270	433	336
word	103	358	231	408
word	110	182	378	248
word	174	111	196	144
word	180	446	197	496
word	198	5	306	71
word	219	446	455	511
word	219	93	511	159
word	250	358	287	408
word	307	358	511	424
word	328	12	377	57
word	398	199	432	232
word	398	6	437	72
word	452	287	511	322
word	454	198	511	233
word	474	464	511	496
char	0	460	29	500
char	0	369	11	413
char	0	281	32	324
char	0	194	27	237
char	0	107	12	163
char	0	16	18	61
char	3	368	5	377
char	5	15	10	24
char	8	109	63	149
char	10	372	47	412
char	13	12	19	21
char	17	1	37	60
char	26	441	51	511
char	36	21	75	60
char	42	195	99	237
char	46	353	83	412
char	47	265	69	324
char	52	107	61	116
char	53	441	94	500
char	62	107	116	148
char	69	265	89	324
char	74	18	111	76
char	88	285	143	324
char	93	459	123	501
char	99	353	139	412
char	106	177	132	251
char	111	18	141	59
char	117	106	151	149
char	123	459	161	499
char	135	194	169	237
char	136	401	141	410
char	137	353	177	412
char	141	20	180	60
char	142	265	180	325
char	167	177	205	237
char	170	106	198	148
char	173	371	233	412
char	176	441	199	500
char	179	283	213	324
char	194	19	234	61
char	204	177	225	235
char	213	265	253	325
char	215	441	233	500
char	215	105	255	163
char	218	370	224	379
char	223	194	250	236
char	230	441	254	511
char	234	17	271	75
char	246	353	289	412
char	250	285	287	324
char	250	194	279	236
char	252	95	275	148
char	257	458	291	501
char	269	5	308	60
char	274	89	306	148
char	278	177	301	252
char	286	284	326	340
char	290	458	322	500
char	298	107	331	148
char	302	177	342	236
char	303	369	335	412
char	311	283	317	292
char	322	441	342	499
char	322	265	360	323
char	324	17	356	61
char	330	106	364	148
char	335	373	373	412
char	340	461	395	500
char	340	177	380	236
char	355	7	379	60
char	360	281	396	325
char	365	109	403	148
char	367	371	372	380
char	374	370	404	412
char	394	194	434	236
char	394	18	418	60
char	395	457	429	500
char	396	265	435	324
char	403	89	436	148
char	405	370	437	412
char	416	1	439	76
char	425	108	462	163
char	429	457	457	498
char	435	353	457	412
char	448	283	505	325
char	450	193	486	237
char	456	373	487	412
char	461	88	482	148
char	470	459	510	500
char	482	94	505	148
char	486	353	510	428
char	486	194	511	234
char	501	90	511	148
char	504	282	511	326
