line	0	0	511	62
line	0	85	55	135
line	0	175	511	241
line	0	265	511	331
line	0	355	511	422
line	0	445	511	511
word	0	460	9	496
word	0	355	358	422
word	0	265	80	331
word	0	189	94	226
word	0	85	55	135
word	0	10	14	47
word	31	445	107	495
word	37	9	61	46
word	83	11	120	62
word	104	265	511	331
word	116	175	511	241
word	130	459	202	511
word	142	9	176	61
word	198	0	467	46
word	224	459	333	496
word	353	445	421	511
word	382	370	415	406
word	439	370	511	421
word	445	460	511	495
word	489	8	511	62
char	0	455	11	500
char	0	350	38	410
char	0	275	41	335
char	0	184	19	230
char	0	95	15	139
char	0	5	16	51
char	15	80	57	139
char	18	185	61	229
char	27	440	71	499
char	33	4	63	50
char	36	350	60	409
char	40	260	82	319
char	45	400	50	409
char	60	365	123	409
char	61	185	96	229
char	70	458	109	499
char	79	6	122	66
char	100	274	165	319
char	112	185	147	230
char	122	350	167	409
char	126	454	170	511
char	138	4	178	65
char	147	185	189	229
char	148	220	154	229
char	165	262	192	319
char	166	366	199	409
char	170	455	204	498
char	189	170	233	229
char	192	277	228	319
char	194	0	224	50
char	200	367	241	410
char	220	454	259	499
char	223	0	265	49
char	228	260	261	318
char	230	188	288	230
char	241	364	279	426
char	254	263	282	319
char	259	455	298	500
char	265	6	301	49
char	279	368	319	425
char	281	277	321	319
char	287	173	314	229
char	299	455	335	500
char	302	0	344	49
char	313	187	354	229
char	318	350	360	408
char	321	276	360	319
char	343	0	366	49
char	349	440	376	511
char	354	170	377	229
char	361	275	397	319
char	365	0	389	49
char	377	185	414	229
char	378	365	417	410
char	379	455	423	511
char	388	6	424	49
char	396	260	420	319
char	413	185	455	245
char	419	276	463	335
char	425	0	469	50
char	435	365	470	410
char	441	455	476	499
char	455	184	495	245
char	461	277	499	317
char	470	365	508	425
char	475	458	511	499
char	485	3	511	66
char	494	170	511	227
char	498	260	511	319
char	507	374	511	399
char	508	369	511	380
