line	0	0	511	61
line	0	85	511	152
line	0	175	511	242
line	0	265	511	332
line	0	355	511	422
line	0	445	511	511
word	0	462	48	511
word	0	374	0	374
word	0	265	290	332
word	0	175	202	241
word	0	85	36	135
word	0	19	3	45
word	19	361	301	422
word	23	0	132	47
word	56	85	511	152
word	70	445	312	496
word	153	0	511	61
word	225	175	511	242
word	314	265	460	317
word	324	355	424	407
word	333	445	511	511
word	448	355	511	421
word	483	265	511	315
word	511	0	511	1
char	0	457	12	511
char	0	369	2	378
char	0	297	3	317
char	0	188	32	230
char	0	80	38	139
char	0	14	5	49
char	2	260	36	321
char	9	188	14	197
char	11	457	50	497
char	15	368	55	411
char	19	8	76	50
char	26	188	31	197
char	31	170	69	231
char	34	260	57	336
char	52	96	80	139
char	55	367	94	426
char	61	276	96	320
char	66	440	89	499
char	68	187	107	245
char	74	0	134	51
char	79	100	118	156
char	89	457	125	500
char	92	366	151	409
char	95	277	128	320
char	106	187	134	227
char	119	96	154	140
char	125	446	148	500
char	127	280	165	320
char	130	187	169	245
char	147	458	181	500
char	149	6	212	49
char	150	370	188	411
char	153	85	177	140
char	166	276	193	321
char	169	187	204	229
char	174	97	234	139
char	180	457	215	500
char	180	368	187	377
char	187	356	211	410
char	193	277	232	335
char	211	367	237	411
char	212	7	238	51
char	216	455	253	500
char	221	186	280	229
char	231	277	263	320
char	233	97	271	155
char	236	369	277	426
char	238	10	276	51
char	253	455	290	500
char	264	277	292	321
char	270	80	309	137
char	276	0	316	47
char	277	366	303	409
char	280	187	319	246
char	290	445	314	500
char	308	97	346	156
char	310	260	375	319
char	312	7	365	49
char	319	170	339	229
char	320	350	359	411
char	329	456	363	501
char	332	7	338	16
char	333	220	338	229
char	338	170	380	229
char	339	7	344	16
char	342	7	348	16
char	349	146	355	155
char	352	7	360	16
char	355	80	380	155
char	359	366	396	411
char	363	0	388	65
char	364	457	391	501
char	372	280	427	320
char	378	188	410	231
char	381	97	421	139
char	391	457	425	501
char	391	6	427	50
char	397	366	426	411
char	407	187	468	228
char	420	98	459	141
char	425	456	463	511
char	427	276	462	321
char	428	0	466	51
char	444	350	466	409
char	458	99	496	138
char	462	460	500	498
char	466	350	486	409
char	466	10	504	50
char	468	170	508	245
char	479	260	511	319
char	485	367	511	425
char	494	98	511	141
char	500	440	511	499
char	504	7	511	51
char	507	1	511	5
