line	0	0	511	67
line	0	89	511	155
line	0	179	511	244
line	0	267	511	334
line	0	355	511	423
line	0	445	511	511
word	0	445	511	511
word	0	356	34	423
word	0	267	307	334
word	0	90	15	142
word	0	0	474	67
word	19	193	97	229
word	39	90	119	139
word	52	355	266	423
word	121	179	161	229
word	141	89	511	155
word	182	181	392	244
word	290	356	511	423
word	327	282	511	319
word	415	179	511	244
word	496	15	511	51
char	0	456	10	500
char	0	368	14	427
char	0	278	18	321
char	0	85	17	146
char	0	12	32	55
char	2	91	5	100
char	10	455	43	500
char	13	351	36	409
char	15	188	58	232
char	18	263	57	323
char	32	9	68	55
char	35	85	81	143
char	44	455	77	498
char	48	350	75	427
char	56	262	81	338
char	58	190	99	233
char	68	9	102	55
char	77	440	106	499
char	77	351	123	411
char	80	85	121	143
char	82	277	124	337
char	101	441	106	450
char	102	441	145	499
char	102	14	140	54
char	107	441	112	450
char	117	174	163	233
char	122	366	184	411
char	123	281	162	321
char	137	99	180	159
char	141	9	181	70
char	145	456	178	500
char	162	263	203	322
char	177	440	210	497
char	178	176	206	233
char	181	103	221	159
char	181	1	223	54
char	183	366	224	426
char	203	459	240	499
char	203	277	241	321
char	206	189	246	232
char	220	98	261	141
char	222	14	262	70
char	225	365	268	426
char	240	455	281	499
char	240	262	266	337
char	247	187	289	248
char	261	99	295	144
char	261	12	298	52
char	267	279	309	322
char	281	441	322	500
char	286	365	315	411
char	289	188	322	233
char	295	99	328	145
char	298	1	339	56
char	315	368	353	410
char	322	441	367	499
char	323	279	364	322
char	323	188	355	230
char	328	99	369	159
char	339	0	382	55
char	354	351	381	410
char	354	190	394	248
char	364	277	426	321
char	366	440	398	499
char	369	85	392	143
char	379	351	411	410
char	382	11	420	71
char	391	456	433	511
char	392	99	454	143
char	404	370	442	410
char	411	188	450	248
char	419	14	476	55
char	427	277	489	321
char	432	443	459	499
char	438	99	443	108
char	442	365	482	427
char	450	174	492	232
char	454	101	492	144
char	458	441	500	498
char	459	441	465	450
char	483	366	511	426
char	490	277	511	323
char	491	174	511	233
char	491	84	511	159
char	492	10	511	55
char	496	174	501	183
char	500	455	511	501
