line	0	0	321	67
line	0	89	511	155
line	0	178	511	245
line	0	267	511	334
line	0	329	6	329
line	0	355	511	423
line	0	445	511	511
word	0	445	204	511
word	0	355	68	407
word	0	267	206	320
word	0	178	81	229
word	0	89	83	140
word	0	0	321	67
word	2	329	6	329
word	88	373	124	408
word	96	178	307	244
word	104	89	140	139
word	137	356	157	423
word	160	89	457	155
word	183	355	348	407
word	226	284	409	334
word	229	461	372	511
word	328	178	390	230
word	360	355	511	408
word	392	445	428	495
word	414	178	511	245
word	430	267	446	317
word	451	461	511	511
word	467	273	488	318
word	479	106	511	141
word	509	269	511	319
char	0	457	33	511
char	0	351	13	411
char	0	280	10	324
char	0	189	51	233
char	0	103	7	144
char	0	12	29	55
char	3	324	8	333
char	6	84	27	141
char	10	279	44	323
char	12	350	33	410
char	26	102	65	143
char	29	12	67	70
char	31	370	70	411
char	33	457	58	499
char	44	262	65	321
char	50	173	83	232
char	57	440	80	511
char	62	282	118	322
char	65	84	85	143
char	67	12	105	70
char	82	457	142	499
char	84	368	126	412
char	92	189	121	233
char	100	84	142	143
char	105	0	143	52
char	118	279	149	322
char	121	173	155	233
char	126	11	155	53
char	133	351	159	427
char	141	460	180	500
char	143	3	148	12
char	146	192	184	248
char	149	279	208	320
char	151	0	189	54
char	156	101	190	143
char	179	350	218	410
char	180	456	206	500
char	181	193	220	233
char	187	0	228	54
char	188	84	212	159
char	192	279	197	288
char	215	100	252	145
char	217	351	255	410
char	219	173	258	233
char	222	280	263	324
char	225	457	261	501
char	227	0	280	71
char	252	84	272	143
char	254	351	291	411
char	257	190	288	233
char	261	457	299	511
char	262	279	301	337
char	271	84	309	144
char	280	0	323	54
char	289	173	309	231
char	291	368	318	409
char	299	456	337	511
char	299	279	334	322
char	309	84	346	145
char	318	350	350	410
char	324	173	365	233
char	334	279	373	338
char	336	460	374	497
char	346	104	384	141
char	356	368	395	410
char	364	190	392	234
char	372	282	411	321
char	385	100	419	145
char	388	440	430	499
char	395	367	454	410
char	410	187	449	249
char	419	102	459	145
char	426	262	448	321
char	447	456	475	501
char	448	173	468	231
char	453	350	473	410
char	463	268	490	322
char	467	192	506	233
char	472	358	495	411
char	475	457	511	511
char	475	101	510	145
char	495	369	511	412
char	496	358	502	369
char	503	190	511	231
char	505	273	511	323
char	506	264	511	277
