line	0	6	511	71
line	0	94	511	159
line	0	182	511	247
line	0	269	511	335
line	0	358	511	423
line	0	446	511	511
word	0	446	124	511
word	0	269	33	320
word	0	196	15	231
word	0	94	34	143
word	0	7	54	56
word	22	358	286	408
word	39	182	137	247
word	54	271	412	335
word	58	94	276	144
word	75	6	375	71
word	147	461	217	511
word	160	182	302	247
word	240	446	511	497
word	289	110	342	144
word	310	358	511	423
word	323	183	417	232
word	363	96	423	144
word	395	8	511	71
word	433	270	511	320
word	441	197	511	247
word	445	95	511	159
char	0	442	18	500
char	0	281	14	324
char	0	191	17	235
char	0	89	36	147
char	0	2	19	59
char	13	264	35	323
char	17	441	35	499
char	17	19	56	60
char	18	368	82	411
char	34	441	59	511
char	35	177	68	236
char	50	281	91	339
char	54	103	93	148
char	61	442	85	499
char	62	193	99	251
char	71	2	95	59
char	82	369	123	412
char	84	457	126	511
char	90	266	130	323
char	93	103	154	145
char	95	1	127	59
char	99	192	139	233
char	118	19	157	60
char	123	367	157	411
char	130	282	169	323
char	131	138	137	147
char	134	138	139	147
char	136	138	141	147
char	139	138	144	147
char	142	138	149	147
char	143	456	177	500
char	146	138	153	147
char	154	107	209	148
char	156	179	185	237
char	156	2	178	57
char	157	368	197	411
char	169	266	208	324
char	177	456	219	511
char	178	17	210	60
char	183	193	223	251
char	197	367	226	412
char	208	105	245	146
char	209	279	243	323
char	210	3	236	60
char	224	194	262	234
char	226	353	248	411
char	236	442	278	501
char	236	17	272	60
char	240	193	245	202
char	242	266	268	325
char	246	89	278	147
char	248	354	288	411
char	262	177	304	236
char	268	266	290	323
char	271	19	310	75
char	279	458	319	500
char	285	105	344	148
char	289	281	322	324
char	306	354	348	411
char	310	15	349	75
char	319	457	357	499
char	319	192	359	236
char	321	283	376	325
char	338	490	343	499
char	340	490	349	499
char	348	354	390	411
char	350	3	377	60
char	357	441	386	499
char	359	178	380	235
char	359	91	388	148
char	376	279	414	339
char	379	178	419	236
char	382	442	423	499
char	386	107	425	148
char	390	368	432	427
char	391	16	433	75
char	423	442	465	499
char	429	265	471	324
char	432	368	470	410
char	432	3	458	58
char	437	193	478	251
char	441	90	483	148
char	458	17	485	60
char	463	402	470	411
char	465	441	497	499
char	469	353	494	427
char	471	281	510	322
char	478	192	511	235
char	483	106	511	163
char	485	15	511	60
char	491	455	511	499
char	497	353	511	411
char	502	281	507	290
