line	0	0	290	60
line	0	84	511	152
line	0	175	511	229
line	0	265	41	317
line	0	355	511	422
line	0	445	511	511
word	0	445	97	496
word	0	355	183	421
word	0	265	41	317
word	0	188	69	229
word	0	85	38	137
word	0	0	39	47
word	63	98	154	137
word	67	8	97	47
word	93	175	294	228
word	123	0	194	46
word	128	459	157	497
word	181	98	214	151
word	185	445	398	511
word	211	355	290	422
word	217	8	290	60
word	244	85	386	139
word	316	355	511	407
word	322	175	410	227
word	409	84	511	152
word	429	445	435	496
word	438	175	511	228
word	460	445	511	511
char	0	454	31	500
char	0	360	15	425
char	0	274	15	321
char	0	183	17	233
char	0	91	15	140
char	0	0	41	51
char	2	80	15	98
char	15	260	43	320
char	16	81	40	141
char	17	184	71	230
char	20	350	56	410
char	31	440	43	500
char	47	440	83	500
char	56	350	67	410
char	59	94	95	141
char	63	3	99	51
char	69	363	108	425
char	87	440	99	500
char	89	183	129	232
char	99	93	156	140
char	107	364	147	412
char	112	415	117	424
char	112	412	117	421
char	119	0	196	50
char	124	454	159	501
char	129	183	169	231
char	147	364	185	412
char	172	170	208	230
char	177	93	216	155
char	181	453	220	511
char	207	363	232	410
char	208	170	220	230
char	213	3	252	64
char	221	453	262	501
char	221	183	260	232
char	231	364	268	426
char	240	80	277	140
char	254	4	292	52
char	260	183	296	230
char	264	440	300	511
char	269	350	292	411
char	274	95	312	140
char	300	440	325	501
char	312	363	337	411
char	312	93	348	140
char	318	170	356	231
char	325	454	360	500
char	335	350	372	411
char	350	93	388	143
char	360	170	373	230
char	364	440	400	500
char	372	364	429	410
char	376	183	412	230
char	405	93	444	156
char	425	440	437	500
char	429	350	465	411
char	434	183	475	232
char	448	80	460	140
char	456	440	493	511
char	460	92	496	140
char	465	364	511	411
char	477	183	503	230
char	493	79	510	155
char	497	454	511	511
char	501	170	511	231
