line	0	4	511	71
line	0	93	511	159
line	0	95	17	102
line	0	183	29	233
line	0	270	511	334
line	0	369	16	369
line	0	371	511	423
line	0	446	511	511
word	0	459	303	511
word	0	369	150	409
word	0	270	374	334
word	0	183	29	233
word	0	95	76	144
word	0	6	173	71
word	103	94	284	158
word	170	371	477	423
word	198	2	379	70
word	309	94	388	159
word	331	446	511	511
word	396	6	511	71
word	403	270	511	321
word	412	93	511	144
word	500	371	511	409
char	0	455	39	500
char	0	366	20	412
char	0	178	31	237
char	0	100	20	148
char	0	14	34	60
char	3	266	16	324
char	3	90	19	106
char	8	92	13	101
char	8	90	15	99
char	13	364	18	373
char	13	100	18	109
char	16	277	77	324
char	19	102	78	148
char	21	366	64	413
char	32	1	55	75
char	38	454	76	501
char	56	14	96	61
char	64	367	123	412
char	76	279	135	324
char	77	454	137	500
char	96	15	135	61
char	99	102	139	149
char	123	366	152	412
char	136	1	175	60
char	138	454	180	510
char	139	266	154	324
char	140	89	181	149
char	156	279	195	325
char	166	366	206	413
char	181	103	220	149
char	183	454	222	500
char	194	4	226	60
char	195	279	235	325
char	206	367	246	427
char	219	90	245	149
char	219	15	261	60
char	226	455	265	501
char	227	15	232	24
char	235	278	275	338
char	242	15	247	24
char	244	15	253	24
char	245	103	286	162
char	246	366	273	412
char	250	15	255	24
char	260	14	302	74
char	265	454	305	501
char	272	366	313	427
char	276	265	318	328
char	301	15	340	61
char	305	102	347	163
char	314	366	355	426
char	318	279	358	325
char	327	441	343	500
char	342	1	381	60
char	347	442	387	502
char	350	89	390	148
char	358	366	397	413
char	360	265	376	324
char	386	457	427	511
char	392	1	416	75
char	399	366	439	413
char	399	277	428	324
char	408	88	473	148
char	420	14	459	60
char	427	441	468	501
char	427	265	467	325
char	438	367	479	411
char	459	15	502	60
char	468	454	509	510
char	469	278	511	324
char	472	102	511	148
char	496	366	511	413
char	502	1	511	60
