line	0	0	511	61
line	0	85	511	152
line	0	174	511	227
line	0	265	511	331
line	0	355	374	422
line	0	445	511	511
word	0	445	208	511
word	0	372	30	421
word	0	265	208	331
word	0	175	74	227
word	0	101	24	137
word	0	15	3	46
word	24	0	84	47
word	46	85	475	152
word	50	361	71	407
word	83	355	203	422
word	95	175	112	225
word	106	11	129	47
word	133	175	307	227
word	152	0	344	61
word	228	355	374	422
word	231	265	511	317
word	233	445	321	496
word	331	174	501	227
word	342	445	468	497
word	367	12	389	47
word	414	0	511	47
word	488	463	511	496
word	499	102	511	150
char	0	458	7	500
char	0	367	32	425
char	0	277	31	319
char	0	187	34	231
char	0	96	26	141
char	0	12	5	50
char	0	10	2	19
char	1	442	7	451
char	2	493	4	502
char	5	440	29	511
char	20	0	86	51
char	30	440	65	499
char	31	279	71	321
char	32	170	53	228
char	34	220	39	229
char	42	96	71	139
char	46	356	73	411
char	47	220	52	229
char	52	176	76	231
char	63	440	87	511
char	68	96	107	156
char	70	260	90	317
char	79	350	105	426
char	88	440	112	499
char	90	277	126	321
char	91	170	114	229
char	102	6	131	51
char	105	80	145	137
char	106	353	132	410
char	112	457	151	511
char	126	276	164	335
char	129	170	169	231
char	131	350	150	409
char	143	80	164	139
char	148	457	173	497
char	148	0	189	49
char	150	350	182	409
char	164	98	196	141
char	165	260	210	319
char	168	187	206	229
char	172	457	210	511
char	180	350	205	425
char	187	7	225	65
char	190	310	195	319
char	195	97	253	137
char	206	170	247	229
char	206	7	211	16
char	224	368	267	426
char	224	0	246	47
char	227	260	250	319
char	229	456	264	500
char	230	130	235	139
char	236	130	241	139
char	244	190	282	229
char	246	7	280	50
char	250	277	285	321
char	253	99	292	141
char	263	440	300	500
char	265	367	304	425
char	280	7	306	50
char	282	186	309	231
char	285	279	325	321
char	290	80	327	140
char	299	444	323	500
char	301	370	339	409
char	306	0	346	47
char	307	40	312	49
char	324	260	344	317
char	327	170	349	229
char	328	97	366	155
char	338	456	371	501
char	338	350	376	410
char	343	279	383	321
char	348	170	389	229
char	363	7	391	51
char	365	99	402	137
char	371	460	409	500
char	383	276	416	320
char	388	169	421	229
char	402	99	439	156
char	409	446	430	500
char	410	0	448	49
char	416	260	450	317
char	426	186	468	229
char	429	440	470	497
char	437	278	476	319
char	439	96	477	155
char	451	7	479	49
char	467	187	503	231
char	475	260	511	321
char	476	9	511	51
char	484	458	511	500
char	495	97	511	154
char	504	145	511	154
char	507	7	510	16
