line	0	6	511	71
line	0	94	511	159
line	505	101	511	101
line	0	183	511	247
line	0	271	511	335
line	0	357	511	423
line	0	446	511	510
word	0	447	86	498
word	0	358	71	422
word	0	271	127	322
word	0	196	12	232
word	0	95	12	145
word	0	20	63	57
word	39	196	73	234
word	41	107	73	159
word	88	6	118	56
word	96	357	228	409
word	98	183	142	233
word	100	94	382	146
word	112	447	159	511
word	134	6	189	71
word	151	271	294	335
word	162	183	357	247
word	186	446	386	498
word	210	19	463	70
word	257	358	477	423
word	319	271	370	322
word	379	183	397	233
word	393	284	511	321
word	405	107	511	159
word	413	446	511	497
word	419	195	491	246
word	489	19	511	57
word	500	372	511	408
word	505	101	509	101
char	0	455	15	502
char	0	353	35	414
char	0	266	34	324
char	0	191	14	236
char	0	90	14	149
char	0	15	28	61
char	18	442	54	500
char	27	15	65	60
char	34	279	72	324
char	35	191	75	238
char	36	366	73	426
char	37	102	75	163
char	52	457	88	500
char	71	267	92	325
char	84	1	120	60
char	92	352	119	412
char	92	279	129	326
char	94	191	130	237
char	96	102	152	148
char	105	279	112	288
char	108	442	119	500
char	112	279	117	288
char	116	367	153	413
char	123	454	161	510
char	130	2	150	75
char	132	178	144	236
char	147	279	186	324
char	151	104	189	148
char	155	353	192	413
char	155	1	191	60
char	158	178	179	251
char	182	441	219	501
char	183	178	218	236
char	185	266	221	325
char	187	89	213	148
char	195	354	230	412
char	206	15	245	60
char	209	104	247	150
char	215	192	269	236
char	219	441	245	500
char	221	279	260	324
char	239	456	277	500
char	245	14	282	74
char	247	103	285	149
char	253	354	289	412
char	260	279	296	339
char	266	178	289	237
char	276	455	314	501
char	282	15	319	61
char	285	102	319	148
char	289	368	328	412
char	289	193	323	238
char	314	458	351	498
char	315	266	339	326
char	319	15	374	60
char	320	104	359	148
char	323	194	359	251
char	328	353	362	412
char	338	279	372	325
char	350	455	388	502
char	359	103	384	148
char	361	354	379	427
char	374	16	429	60
char	375	178	399	237
char	380	367	420	415
char	389	279	444	324
char	401	103	457	148
char	409	454	445	500
char	415	191	453	250
char	419	353	445	412
char	428	14	465	61
char	442	368	479	413
char	442	280	479	324
char	445	441	490	500
char	455	190	493	237
char	458	102	496	163
char	480	279	511	325
char	485	14	511	61
char	486	455	511	501
char	489	451	494	460
char	489	449	494	458
char	496	367	511	412
char	497	102	511	151
char	501	455	510	464
char	501	96	506	105
