line	0	0	511	60
line	0	85	511	151
line	0	175	511	241
line	0	265	511	331
line	0	355	511	422
line	0	417	11	420
line	0	445	511	511
word	0	445	511	511
word	0	417	11	420
word	0	355	80	409
word	0	279	13	317
word	0	175	303	240
word	0	88	14	136
word	0	0	191	47
word	36	85	206	151
word	41	279	75	317
word	99	355	331	422
word	101	265	367	331
word	217	9	252	47
word	231	98	251	136
word	272	85	402	137
word	275	9	346	46
word	328	189	361	240
word	356	355	511	421
word	368	0	464	60
word	389	175	395	226
word	393	265	511	330
word	420	188	511	241
word	429	98	511	151
word	492	8	511	46
char	0	363	17	413
char	0	274	15	321
char	0	181	15	230
char	0	91	16	140
char	2	440	35	500
char	2	412	13	424
char	2	172	8	181
char	2	85	8	94
char	2	3	35	51
char	3	89	8	98
char	7	83	14	98
char	9	172	14	181
char	19	363	55	411
char	19	170	57	232
char	32	93	72	155
char	37	274	77	321
char	39	453	75	511
char	39	3	75	50
char	55	350	82	410
char	57	183	93	231
char	71	80	99	140
char	73	440	91	511
char	76	4	115	50
char	92	96	131	140
char	93	453	132	511
char	95	350	123	410
char	96	170	132	230
char	97	274	134	322
char	116	3	141	50
char	118	365	156	425
char	130	170	152	231
char	131	93	168	155
char	133	453	172	511
char	134	274	174	321
char	134	0	152	50
char	152	185	188	232
char	153	0	193	51
char	160	350	197	412
char	167	94	208	140
char	174	454	212	501
char	176	260	214	322
char	188	183	226	244
char	193	350	212	426
char	212	350	239	410
char	213	453	247	500
char	213	4	254	51
char	214	275	252	318
char	227	93	253	140
char	228	183	264	230
char	238	364	292	410
char	250	454	290	501
char	252	274	290	321
char	268	170	305	230
char	268	80	292	141
char	271	4	311	50
char	288	80	315	140
char	292	453	331	510
char	292	364	333	410
char	292	274	330	334
char	309	4	348	50
char	311	95	346	141
char	324	184	363	244
char	330	273	369	335
char	333	453	358	500
char	348	93	404	140
char	352	363	408	410
char	357	440	369	500
char	364	0	388	51
char	370	453	411	501
char	385	170	397	230
char	387	5	426	51
char	389	261	413	321
char	398	4	404	13
char	402	4	408	13
char	408	364	447	425
char	411	456	447	511
char	411	4	416	13
char	413	260	450	321
char	416	184	472	230
char	425	93	464	155
char	428	3	466	64
char	447	454	484	511
char	447	363	485	411
char	450	274	487	321
char	464	94	511	140
char	472	183	509	245
char	484	453	511	501
char	488	350	511	412
char	488	3	511	50
char	489	273	511	334
