line	0	0	511	67
line	0	90	511	155
line	0	178	511	244
line	0	181	17	185
line	0	267	46	319
line	0	356	511	423
line	0	445	511	511
word	0	458	62	496
word	0	369	38	407
word	0	267	46	319
word	0	181	17	185
word	0	179	310	231
word	0	103	39	141
word	0	0	271	67
word	17	447	17	447
word	60	90	407	155
word	66	356	198	423
word	88	445	511	511
word	225	357	425	409
word	294	0	511	65
word	337	191	371	231
word	398	178	511	244
word	432	90	511	141
word	448	356	511	409
char	0	453	21	500
char	0	262	6	321
char	0	186	20	233
char	0	98	41	145
char	0	9	39	71
char	1	364	40	411
char	1	176	12	187
char	2	263	7	272
char	4	265	20	322
char	11	263	20	272
char	12	176	19	189
char	13	442	18	451
char	20	454	64	500
char	20	187	61	234
char	21	264	48	323
char	39	1	78	55
char	56	98	119	144
char	62	364	104	427
char	62	186	100	235
char	78	1	137	70
char	84	441	100	500
char	100	440	130	500
char	102	366	143	427
char	102	174	144	234
char	118	86	134	144
char	127	441	168	501
char	138	85	177	145
char	140	9	201	55
char	143	366	179	411
char	146	174	187	235
char	171	453	213	511
char	177	351	200	426
char	177	98	217	159
char	189	186	249	233
char	200	9	243	55
char	212	455	254	498
char	219	97	262	145
char	221	364	261	413
char	243	9	273	55
char	252	187	312	233
char	254	453	314	500
char	263	352	304	413
char	264	85	279	144
char	278	85	299	159
char	290	9	319	55
char	298	85	320	159
char	306	365	346	411
char	315	453	355	501
char	319	9	378	55
char	324	97	365	158
char	333	186	373	235
char	347	364	387	413
char	357	441	397	500
char	367	97	409	158
char	381	9	441	55
char	387	365	427	413
char	394	174	434	233
char	397	454	435	501
char	428	97	469	145
char	436	453	496	501
char	437	174	477	233
char	441	0	472	55
char	444	366	487	411
char	465	12	507	56
char	471	85	510	144
char	475	173	504	233
char	487	351	511	413
char	495	440	511	500
char	500	189	511	248
char	506	15	511	69
char	508	12	511	21
char	508	9	511	19
