line	0	0	511	61
line	0	85	511	151
line	0	175	511	242
line	0	265	511	331
line	0	355	511	421
line	0	445	511	511
word	0	458	75	497
word	0	355	410	421
word	0	278	23	316
word	0	188	155	228
word	0	98	49	136
word	0	0	511	61
word	47	265	433	331
word	75	85	147	150
word	101	459	132	497
word	150	445	511	511
word	172	99	206	151
word	180	175	290	228
word	231	98	261	136
word	283	85	430	151
word	316	175	460	228
word	438	368	511	407
word	453	98	511	137
word	455	265	511	331
word	480	175	511	242
char	0	405	15	425
char	0	363	15	414
char	0	183	33	232
char	0	93	51	140
char	0	0	16	51
char	2	453	35	500
char	2	273	25	320
char	15	350	51	410
char	16	3	55	50
char	33	183	69	232
char	37	453	77	501
char	43	273	79	320
char	53	363	93	411
char	55	3	91	64
char	71	183	127	230
char	71	80	107	140
char	81	273	122	322
char	94	0	133	53
char	95	363	131	410
char	97	454	134	501
char	111	93	149	154
char	121	274	176	319
char	131	183	157	230
char	133	363	172	425
char	133	4	171	65
char	146	440	168	511
char	166	440	184	511
char	168	445	173	454
char	168	440	173	449
char	168	94	208	155
char	171	0	209	51
char	173	350	196	411
char	176	274	212	321
char	176	170	211	230
char	185	453	224	511
char	194	350	228	425
char	206	0	212	4
char	208	350	214	359
char	211	350	219	359
char	211	274	303	320
char	211	0	224	50
char	213	183	254	232
char	227	93	263	140
char	227	3	263	50
char	228	440	265	500
char	230	363	270	411
char	254	184	292	231
char	264	455	300	510
char	268	3	303	50
char	272	350	324	425
char	279	80	299	155
char	300	94	339	155
char	302	454	343	501
char	304	260	340	320
char	306	3	346	51
char	312	183	368	230
char	324	363	364	412
char	339	274	395	320
char	340	80	375	140
char	343	453	383	501
char	345	6	398	50
char	364	364	395	411
char	372	170	383	230
char	375	94	432	140
char	383	440	406	501
char	388	170	426	232
char	394	350	412	425
char	397	273	435	335
char	397	0	422	51
char	405	440	442	500
char	418	4	472	50
char	426	183	462	231
char	434	363	474	411
char	442	453	467	500
char	449	93	490	141
char	451	260	471	335
char	466	453	511	500
char	472	3	508	51
char	474	366	510	408
char	476	273	511	335
char	476	170	511	246
char	492	93	511	140
