line	0	0	511	67
line	0	2	38	2
line	0	89	511	155
line	0	178	511	245
line	0	267	427	333
line	0	356	511	422
line	0	445	511	497
line	0	447	14	447
line	0	449	12	449
line	0	506	14	506
line	0	510	14	510
word	0	458	84	497
word	0	356	181	422
word	0	267	96	333
word	0	178	7	227
word	0	89	449	155
word	0	0	470	67
word	2	506	14	511
word	12	447	14	449
word	22	192	212	245
word	105	461	158	496
word	124	267	342	333
word	181	461	217	496
word	203	356	449	422
word	235	179	481	230
word	241	446	403	497
word	360	267	427	333
word	426	445	511	496
word	470	90	511	140
word	474	370	511	407
word	493	14	511	52
word	505	192	511	228
char	0	453	17	501
char	0	370	2	379
char	0	263	18	321
char	0	173	9	231
char	0	84	39	159
char	0	8	14	55
char	2	366	39	411
char	3	505	8	510
char	8	444	14	453
char	8	442	16	451
char	11	505	16	510
char	11	501	16	510
char	14	4	41	56
char	17	455	47	500
char	17	263	41	321
char	18	188	59	248
char	19	2	25	6
char	35	2	40	6
char	40	366	76	412
char	40	277	74	323
char	40	12	80	70
char	42	99	107	144
char	47	459	86	500
char	59	189	95	232
char	73	262	98	337
char	76	366	117	426
char	80	12	119	54
char	90	12	100	21
char	96	189	137	233
char	101	456	160	500
char	106	103	144	143
char	118	351	161	411
char	119	0	161	55
char	120	277	184	321
char	136	190	177	249
char	145	101	185	144
char	160	352	183	410
char	160	10	202	70
char	177	456	219	500
char	177	187	214	233
char	184	277	246	321
char	184	101	224	145
char	199	352	244	410
char	202	10	243	71
char	220	312	231	321
char	223	85	266	145
char	231	312	236	321
char	231	187	268	233
char	233	312	238	321
char	237	441	281	501
char	243	367	281	411
char	243	0	286	55
char	246	262	269	321
char	264	103	321	144
char	269	279	304	323
char	269	174	312	234
char	280	441	322	500
char	280	351	306	426
char	286	11	328	70
char	304	277	344	337
char	308	366	351	426
char	312	189	348	233
char	320	85	361	143
char	322	441	365	497
char	322	134	327	143
char	324	134	331	143
char	328	0	391	70
char	348	175	374	233
char	351	352	395	410
char	356	262	382	337
char	362	99	390	145
char	363	441	405	500
char	374	176	401	233
char	386	279	429	323
char	390	99	429	159
char	392	12	450	56
char	394	367	422	411
char	400	174	440	233
char	401	174	408	183
char	408	174	413	183
char	410	174	417	183
char	422	442	451	500
char	422	365	451	411
char	428	85	451	141
char	441	190	483	233
char	450	440	511	499
char	450	1	472	52
char	466	85	491	144
char	470	365	511	411
char	470	190	475	199
char	489	9	511	56
char	490	85	511	143
char	501	187	511	232
