line	0	1	511	66
line	0	89	511	156
line	0	178	511	245
line	0	267	511	333
line	507	330	511	330
line	0	356	511	423
line	0	445	511	511
word	0	356	500	423
word	0	282	53	333
word	0	178	184	245
word	0	89	126	155
word	0	0	171	66
word	18	445	170	496
word	78	267	299	333
word	144	89	312	156
word	192	462	226	495
word	194	0	511	66
word	206	178	226	245
word	250	445	511	511
word	253	193	388	244
word	321	268	411	333
word	338	106	374	140
word	396	90	511	140
word	406	178	511	244
word	434	281	511	320
word	507	330	511	330
word	512	380	511	380
char	0	351	24	427
char	0	277	15	337
char	0	190	13	234
char	0	93	18	143
char	0	1	20	54
char	5	88	15	97
char	14	440	48	499
char	14	277	55	337
char	14	174	55	233
char	18	84	84	159
char	19	1	60	54
char	25	351	69	411
char	43	456	104	499
char	55	190	94	233
char	59	14	99	70
char	69	367	111	426
char	74	276	115	337
char	84	99	128	159
char	94	187	127	231
char	99	1	140	54
char	104	443	131	500
char	111	366	153	426
char	111	262	138	337
char	127	187	160	234
char	131	441	172	500
char	140	277	183	322
char	140	84	167	159
char	141	10	173	55
char	152	352	174	410
char	159	173	186	249
char	170	99	210	160
char	173	352	214	411
char	183	265	210	322
char	188	457	228	499
char	190	10	234	55
char	202	173	228	249
char	209	281	247	322
char	211	103	250	144
char	214	351	237	410
char	234	10	262	55
char	237	367	278	426
char	246	454	285	500
char	246	263	269	321
char	249	190	306	233
char	250	85	290	146
char	262	14	302	55
char	262	12	267	21
char	269	278	301	323
char	278	352	321	411
char	283	441	328	498
char	289	84	314	159
char	301	9	335	55
char	306	188	347	248
char	317	263	342	321
char	321	366	349	411
char	327	456	360	500
char	334	101	376	144
char	334	1	375	56
char	342	277	374	323
char	347	188	390	232
char	349	366	383	411
char	360	441	398	500
char	374	277	413	337
char	374	14	432	56
char	384	365	425	426
char	392	85	437	143
char	397	440	422	511
char	402	173	430	248
char	424	368	462	410
char	425	455	467	511
char	430	277	494	322
char	432	10	473	70
char	433	187	476	248
char	435	103	473	144
char	461	366	502	426
char	467	455	502	500
char	472	101	511	144
char	472	14	511	55
char	475	174	511	231
char	494	276	511	324
char	501	457	511	511
char	501	457	509	466
char	503	325	509	334
char	507	325	510	334
char	508	375	511	384
