line	0	0	511	61
line	493	57	511	58
line	0	85	511	150
line	0	175	511	241
line	0	265	511	318
line	0	355	511	422
line	0	445	310	511
word	0	445	242	511
word	0	355	62	408
word	0	265	125	317
word	0	175	146	240
word	0	85	361	150
word	0	0	105	61
word	89	368	123	408
word	133	8	166	61
word	147	279	217	317
word	148	355	324	421
word	176	175	181	226
word	193	0	382	48
word	209	175	294	241
word	239	265	377	318
word	259	445	310	511
word	324	175	379	240
word	344	355	439	422
word	391	98	511	136
word	403	189	435	227
word	405	265	511	318
word	409	0	464	47
word	460	188	511	226
word	465	369	495	407
word	490	0	511	58
char	0	453	35	500
char	0	363	13	411
char	0	272	13	321
char	0	183	17	231
char	0	93	35	140
char	0	2	17	63
char	2	50	8	59
char	2	50	5	61
char	2	48	8	57
char	5	47	11	57
char	13	274	51	320
char	14	364	52	412
char	17	184	55	230
char	19	0	56	50
char	35	440	47	500
char	35	94	91	140
char	49	453	87	510
char	51	260	87	320
char	52	350	64	410
char	55	183	91	244
char	55	4	90	50
char	85	363	125	412
char	88	0	107	65
char	89	274	127	321
char	91	440	103	500
char	92	93	126	140
char	93	170	131	233
char	105	453	145	501
char	128	80	167	141
char	129	3	168	65
char	135	170	148	230
char	143	274	183	321
char	144	350	180	425
char	148	454	183	501
char	149	415	160	424
char	169	92	207	154
char	172	170	183	230
char	182	363	220	424
char	183	274	219	321
char	184	440	208	501
char	189	4	230	51
char	205	183	245	232
char	208	454	244	501
char	211	93	267	140
char	221	363	261	425
char	232	4	268	51
char	235	274	291	320
char	248	170	296	245
char	255	440	276	511
char	260	364	301	411
char	268	4	308	50
char	271	80	308	140
char	276	440	295	501
char	285	502	292	510
char	290	273	329	322
char	292	440	312	511
char	300	363	326	411
char	308	93	363	140
char	308	0	346	52
char	320	183	358	244
char	329	273	368	321
char	340	350	368	410
char	348	3	384	51
char	358	170	381	231
char	362	364	401	426
char	368	260	379	320
char	387	93	413	140
char	399	184	437	231
char	401	260	440	321
char	405	350	441	411
char	405	0	429	51
char	413	93	468	140
char	428	4	466	51
char	441	274	478	321
char	456	183	511	230
char	461	364	497	411
char	467	94	511	140
char	478	260	511	322
char	486	1	511	59
char	489	52	497	62
char	489	47	496	56
char	489	2	496	6
char	490	49	497	58
char	500	1	510	6
char	502	52	509	61
