line	0	21	31	71
line	0	93	511	160
line	0	196	235	247
line	0	269	511	335
line	0	358	511	423
line	0	446	511	511
word	0	461	13	511
word	0	373	33	423
word	0	284	23	320
word	0	198	13	247
word	0	108	419	159
word	0	21	31	71
word	35	461	108	511
word	36	196	105	232
word	42	269	63	335
word	56	372	156	423
word	91	270	227	335
word	128	196	235	247
word	133	446	297	511
word	180	358	467	423
word	250	284	316	320
word	321	447	395	497
word	337	270	511	335
word	416	462	511	496
word	436	93	511	160
word	492	373	511	407
word	510	327	511	331
char	0	456	15	511
char	0	368	35	427
char	0	279	25	324
char	0	193	15	251
char	0	104	14	163
char	0	16	33	75
char	13	104	53	163
char	31	456	69	501
char	32	191	70	236
char	38	264	65	339
char	52	369	93	427
char	54	104	95	147
char	69	456	110	511
char	69	195	107	236
char	87	280	126	339
char	93	367	125	412
char	95	107	151	148
char	124	191	163	251
char	125	279	163	339
char	126	368	158	412
char	129	456	157	500
char	151	103	192	163
char	158	455	196	500
char	162	195	199	233
char	163	265	195	321
char	176	367	235	411
char	188	281	229	339
char	191	103	232	163
char	195	455	237	511
char	198	192	237	251
char	232	103	273	163
char	235	353	259	427
char	236	441	258	497
char	246	279	285	324
char	258	457	299	499
char	263	367	294	412
char	274	103	303	148
char	285	279	318	322
char	292	353	318	427
char	303	105	344	148
char	317	455	354	501
char	320	353	365	412
char	333	265	377	325
char	345	103	382	149
char	354	442	397	501
char	364	369	401	427
char	377	266	418	324
char	382	104	421	163
char	401	368	434	412
char	412	457	470	500
char	418	266	459	321
char	432	88	459	164
char	434	368	469	412
char	459	279	497	339
char	462	103	493	147
char	468	457	511	500
char	488	368	511	411
char	491	88	511	163
char	497	279	511	325
char	506	322	511	332
char	507	325	511	335
