line	0	1	511	67
line	0	89	511	155
line	0	179	511	231
line	0	268	511	334
line	0	357	511	422
line	0	445	511	510
word	0	446	146	511
word	0	357	72	408
word	0	281	54	334
word	0	179	6	230
word	0	89	215	154
word	0	0	13	53
word	34	179	184	231
word	38	0	126	67
word	80	268	469	333
word	94	370	163	407
word	150	0	188	53
word	173	446	244	497
word	188	357	252	409
word	204	0	259	67
word	205	191	273	229
word	237	103	287	140
word	267	446	386	497
word	280	357	511	422
word	288	12	435	53
word	304	179	390	229
word	314	90	511	155
word	412	445	511	497
word	415	179	511	231
word	463	0	511	52
word	494	281	511	319
word	509	91	511	94
char	0	454	35	501
char	0	352	15	412
char	0	276	15	338
char	0	174	8	234
char	0	85	32	146
char	0	1	15	57
char	15	353	74	412
char	16	276	56	323
char	30	186	86	233
char	32	84	70	145
char	34	441	72	501
char	34	9	75	71
char	72	454	110	501
char	72	1	94	56
char	74	98	110	145
char	76	276	116	324
char	87	186	127	235
char	90	366	128	411
char	93	10	128	56
char	110	454	148	510
char	114	98	149	144
char	116	276	156	323
char	127	365	165	411
char	127	174	150	234
char	146	1	190	57
char	149	174	186	233
char	153	98	191	158
char	156	277	193	337
char	169	441	207	501
char	184	352	220	412
char	191	84	217	144
char	193	276	230	323
char	200	1	221	71
char	201	187	241	233
char	209	441	246	500
char	220	367	254	413
char	223	9	261	69
char	230	263	268	323
char	233	98	289	144
char	241	186	275	233
char	263	454	301	501
char	269	276	323	322
char	276	352	311	411
char	284	9	320	57
char	300	174	312	233
char	301	441	312	500
char	310	98	348	159
char	313	364	353	413
char	314	453	352	501
char	316	187	351	233
char	323	276	358	323
char	324	9	360	56
char	351	441	388	501
char	351	188	392	233
char	352	85	364	144
char	355	352	393	413
char	358	276	393	324
char	362	7	400	57
char	368	97	403	144
char	392	367	430	426
char	393	276	431	337
char	399	9	437	56
char	408	442	432	501
char	408	85	444	144
char	411	184	436	233
char	430	365	466	412
char	432	454	469	501
char	433	276	471	336
char	435	174	471	233
char	444	98	467	145
char	459	1	494	55
char	466	352	478	411
char	466	98	503	159
char	469	440	494	498
char	471	188	506	235
char	482	352	511	413
char	490	276	511	323
char	493	441	511	501
char	496	8	511	56
char	503	97	511	148
char	505	86	511	98
char	508	221	511	230
char	508	199	511	208
