line	0	7	511	71
line	0	93	511	146
line	0	183	511	247
line	0	270	511	334
line	0	358	511	423
line	0	447	511	510
word	0	447	140	497
word	0	363	14	422
word	0	284	61	321
word	0	183	106	247
word	0	95	110	146
word	0	7	330	71
word	41	359	310	423
word	88	271	329	334
word	131	183	201	246
word	134	94	436	145
word	163	447	455	511
word	221	183	431	247
word	336	358	478	423
word	356	271	388	321
word	357	7	511	57
word	414	270	511	334
word	454	195	487	233
word	461	93	511	144
word	480	460	511	497
word	506	364	511	422
char	0	442	18	501
char	0	358	16	414
char	0	279	29	324
char	0	191	14	236
char	0	90	33	149
char	0	15	31	62
char	2	414	5	424
char	2	412	14	426
char	2	411	4	421
char	2	410	8	419
char	3	407	8	416
char	8	407	14	421
char	17	178	29	236
char	18	455	51	501
char	28	279	63	325
char	31	190	69	251
char	32	15	71	61
char	37	367	73	412
char	37	103	73	150
char	53	456	88	501
char	69	191	108	251
char	71	2	107	61
char	73	368	112	427
char	75	103	112	149
char	84	279	139	324
char	92	442	104	500
char	106	455	142	501
char	106	2	123	75
char	112	367	148	413
char	127	191	165	250
char	128	2	139	60
char	130	90	167	149
char	141	15	181	61
char	143	266	179	324
char	149	367	184	413
char	159	456	214	500
char	167	178	203	236
char	169	102	208	149
char	178	279	202	324
char	181	15	220	61
char	185	367	220	413
char	202	279	239	325
char	209	103	248	149
char	214	442	226	500
char	217	192	272	236
char	220	367	259	413
char	220	2	242	61
char	226	442	250	502
char	239	279	276	338
char	242	2	278	60
char	249	455	284	510
char	249	103	304	148
char	261	368	296	413
char	271	192	307	251
char	278	15	332	60
char	280	266	292	324
char	288	455	344	500
char	296	279	331	324
char	300	354	312	412
char	305	191	343	235
char	308	90	345	149
char	332	367	371	412
char	342	191	380	237
char	345	454	382	510
char	348	103	383	148
char	352	266	390	325
char	353	15	393	61
char	371	353	406	412
char	382	455	436	501
char	382	178	393	236
char	387	89	423	148
char	392	15	428	61
char	397	178	433	236
char	406	354	430	413
char	410	279	465	324
char	426	90	438	148
char	429	368	464	413
char	430	2	465	60
char	434	443	457	502
char	450	190	489	237
char	457	88	484	148
char	462	354	480	427
char	463	279	500	338
char	466	354	472	363
char	468	14	505	61
char	476	455	510	501
char	481	89	492	148
char	497	102	511	148
char	502	359	511	413
char	504	265	511	324
char	505	414	511	426
char	505	14	511	60
char	507	412	510	421
char	507	407	511	416
char	507	12	511	21
