line	0	0	511	67
line	0	7	12	7
line	0	9	12	10
line	0	89	345	155
line	0	179	511	245
line	0	280	143	333
line	0	356	511	422
line	0	445	511	511
word	0	459	48	511
word	0	369	92	407
word	0	280	48	333
word	0	179	76	231
word	0	90	68	155
word	0	7	14	53
word	42	0	338	67
word	74	281	143	333
word	76	445	143	497
word	98	89	286	155
word	102	192	136	245
word	117	356	418	409
word	157	192	242	229
word	173	458	351	511
word	265	191	299	231
word	316	103	345	140
word	325	192	359	231
word	367	0	397	51
word	375	445	397	496
word	387	179	511	243
word	416	445	511	511
word	425	0	511	66
word	444	370	476	422
word	504	371	511	407
char	0	498	12	511
char	0	455	14	502
char	0	364	35	411
char	0	275	12	323
char	0	214	3	228
char	0	211	3	220
char	0	188	5	212
char	0	95	13	144
char	0	7	16	57
char	1	92	6	101
char	2	495	6	505
char	2	187	38	233
char	2	88	8	97
char	3	92	8	101
char	3	5	5	14
char	3	2	6	11
char	4	2	14	11
char	7	493	12	502
char	7	4	14	14
char	12	85	30	159
char	13	454	50	511
char	13	277	50	337
char	32	98	70	159
char	38	364	94	411
char	38	9	94	55
char	39	174	78	235
char	70	276	105	322
char	72	454	110	501
char	93	10	149	55
char	94	85	106	144
char	98	187	138	249
char	107	440	145	501
char	107	276	145	337
char	110	98	146	146
char	113	351	140	411
char	138	352	149	411
char	146	99	185	159
char	148	9	185	71
char	149	364	189	412
char	153	187	244	233
char	169	454	205	501
char	183	99	220	144
char	188	352	224	411
char	189	1	224	56
char	205	455	244	500
char	220	98	256	146
char	226	364	265	413
char	228	1	239	55
char	242	9	280	71
char	244	454	282	510
char	254	84	278	144
char	261	186	301	235
char	267	352	305	413
char	277	84	288	144
char	280	0	307	54
char	282	456	319	499
char	302	9	340	70
char	305	368	343	411
char	312	98	347	144
char	319	453	353	501
char	321	187	361	235
char	343	365	380	413
char	363	1	399	55
char	371	440	399	500
char	381	364	420	413
char	383	186	418	233
char	412	454	450	511
char	421	9	458	57
char	422	174	435	233
char	436	187	474	247
char	440	365	478	426
char	452	440	490	503
char	456	1	475	70
char	476	9	511	57
char	478	174	511	234
char	492	441	511	509
char	499	502	504	511
char	500	366	511	411
