line	0	0	511	62
line	0	85	511	151
line	0	175	511	241
line	0	265	511	318
line	0	355	255	421
line	0	445	511	511
word	0	445	53	511
word	0	355	255	421
word	0	278	93	318
word	0	175	103	227
word	0	98	33	136
word	0	0	119	62
word	61	85	265	151
word	75	445	264	511
word	119	265	311	318
word	131	175	229	241
word	144	0	261	61
word	259	176	496	228
word	280	8	315	46
word	287	459	322	496
word	293	85	511	137
word	334	279	440	317
word	336	0	511	47
word	347	445	370	511
word	397	458	472	511
word	465	279	497	318
word	500	458	511	496
char	0	440	16	500
char	0	363	35	410
char	0	303	2	318
char	0	183	30	230
char	0	93	35	140
char	0	3	15	66
char	2	274	24	321
char	15	454	55	511
char	19	0	57	52
char	23	274	57	322
char	29	184	67	230
char	35	364	70	410
char	57	93	95	155
char	57	0	96	51
char	59	273	95	320
char	67	170	105	231
char	68	350	87	425
char	71	454	111	500
char	91	364	127	411
char	95	94	135	140
char	97	0	121	51
char	111	440	147	500
char	115	273	172	320
char	127	183	165	244
char	131	350	143	410
char	135	93	173	141
char	140	3	175	50
char	143	363	181	410
char	147	454	183	510
char	167	170	179	230
char	171	0	176	4
char	172	260	209	322
char	173	0	192	65
char	175	80	211	140
char	179	183	214	245
char	180	365	219	410
char	185	453	223	510
char	195	0	234	51
char	212	273	236	321
char	212	170	231	245
char	215	80	250	140
char	219	363	257	424
char	225	454	266	501
char	235	274	273	322
char	236	3	263	50
char	249	80	267	155
char	255	183	291	230
char	276	260	313	320
char	276	3	317	50
char	283	454	324	500
char	289	80	328	141
char	293	183	333	232
char	330	274	370	321
char	330	93	368	141
char	332	4	388	50
char	335	184	371	231
char	343	440	354	500
char	353	440	372	511
char	368	93	424	140
char	370	275	408	320
char	376	183	412	230
char	389	0	434	50
char	393	453	432	511
char	408	274	442	321
char	412	183	451	230
char	424	94	463	140
char	431	4	470	51
char	434	453	474	501
char	449	171	472	231
char	461	274	499	322
char	463	93	501	141
char	470	4	509	49
char	472	184	498	230
char	496	453	511	500
char	498	4	504	13
char	501	95	511	139
