line	0	5	511	71
line	0	94	511	159
line	0	182	511	247
line	0	270	511	335
line	0	358	511	424
line	0	446	511	511
word	0	446	239	496
word	0	358	136	423
word	0	270	105	335
word	0	196	49	247
word	0	94	431	159
word	0	20	14	57
word	37	7	154	56
word	70	196	221	247
word	129	284	161	320
word	159	372	216	407
word	177	6	227	56
word	184	270	212	319
word	227	270	435	335
word	238	373	310	424
word	242	198	278	247
word	250	5	300	56
word	262	446	362	511
word	300	196	391	231
word	322	21	356	55
word	333	358	419	423
word	378	20	511	71
word	383	446	511	511
word	411	182	470	247
word	438	358	499	424
word	446	95	511	159
word	456	271	511	320
word	493	183	511	233
char	0	456	14	500
char	0	368	14	427
char	0	266	20	324
char	0	191	19	251
char	0	90	13	147
char	0	15	16	61
char	10	89	36	163
char	14	456	51	500
char	14	367	42	412
char	18	191	51	236
char	19	265	38	321
char	31	314	36	323
char	33	16	91	60
char	36	265	61	339
char	40	103	74	148
char	41	370	83	412
char	50	442	94	497
char	64	280	107	323
char	66	192	107	236
char	73	103	113	163
char	83	367	117	412
char	90	2	116	60
char	93	457	154	499
char	107	191	144	236
char	114	89	136	147
char	115	2	156	60
char	116	353	138	409
char	125	279	163	324
char	135	90	157	147
char	143	192	184	251
char	153	442	176	499
char	155	367	218	411
char	155	106	211	148
char	173	1	197	59
char	174	441	201	499
char	180	265	214	323
char	184	191	223	251
char	197	17	229	60
char	199	444	241	499
char	212	103	244	148
char	223	265	292	324
char	234	369	275	412
char	238	193	280	251
char	244	104	277	146
char	246	5	269	59
char	258	455	294	511
char	269	17	302	60
char	271	266	276	275
char	274	368	312	428
char	277	104	304	148
char	290	283	330	339
char	293	441	317	511
char	296	192	359	235
char	304	89	327	147
char	318	16	358	59
char	320	455	364	511
char	327	105	364	148
char	329	368	368	427
char	330	279	356	322
char	356	279	399	339
char	359	191	393	235
char	363	106	401	145
char	367	353	389	409
char	374	15	409	60
char	379	457	419	499
char	388	369	421	412
char	399	279	437	324
char	401	89	433	147
char	407	191	451	251
char	408	15	441	61
char	419	441	440	499
char	434	353	460	428
char	440	457	470	501
char	440	16	478	75
char	442	90	485	148
char	450	177	472	233
char	452	281	493	324
char	463	367	501	412
char	469	441	493	511
char	479	16	511	59
char	485	106	511	163
char	489	178	511	237
char	492	266	511	323
char	495	442	511	499
