line	0	0	511	67
line	0	88	511	155
line	0	178	511	245
line	0	268	511	334
line	0	356	511	423
line	0	445	511	511
word	0	460	115	511
word	0	370	143	422
word	0	268	232	333
word	0	178	178	245
word	0	88	113	141
word	0	0	58	66
word	78	17	114	67
word	135	89	511	155
word	137	14	199	67
word	140	445	343	511
word	167	356	511	423
word	203	178	340	229
word	221	0	511	67
word	256	268	275	317
word	296	268	511	334
word	364	179	511	244
word	367	460	511	511
char	0	464	2	490
char	0	368	36	411
char	0	263	39	322
char	0	188	19	249
char	0	109	2	126
char	0	83	8	111
char	0	9	37	70
char	2	455	35	499
char	2	99	40	144
char	18	174	59	233
char	34	455	76	511
char	36	1	60	52
char	37	366	65	411
char	39	279	95	322
char	39	85	81	143
char	44	279	53	288
char	51	279	60	288
char	59	187	94	234
char	65	366	107	426
char	74	12	116	71
char	76	455	117	511
char	81	99	115	145
char	94	173	115	230
char	95	279	135	323
char	107	365	145	411
char	115	178	140	233
char	131	87	160	144
char	133	9	162	56
char	135	263	159	321
char	136	455	171	500
char	140	189	180	248
char	141	312	150	321
char	149	312	156	321
char	157	281	194	321
char	159	99	193	144
char	162	9	201	71
char	163	365	206	411
char	170	440	195	511
char	193	99	230	144
char	194	277	234	337
char	198	455	241	511
char	199	173	233	233
char	207	367	248	411
char	217	0	284	56
char	226	192	264	232
char	230	85	274	141
char	242	455	304	499
char	248	351	280	410
char	252	263	277	321
char	264	188	299	233
char	267	134	272	143
char	269	490	275	499
char	272	490	277	499
char	272	99	334	143
char	274	356	301	411
char	280	490	285	499
char	282	490	287	499
char	284	490	289	499
char	285	9	349	54
char	286	490	297	499
char	292	278	333	338
char	300	369	340	411
char	300	189	342	233
char	304	455	345	499
char	333	277	371	337
char	335	85	378	145
char	340	366	369	411
char	349	0	408	71
char	360	174	405	233
char	363	455	403	511
char	370	365	408	427
char	371	263	412	319
char	377	100	414	144
char	403	455	465	497
char	403	190	459	233
char	409	366	445	411
char	409	12	450	54
char	411	281	450	321
char	415	84	446	142
char	439	98	482	159
char	445	370	484	426
char	450	277	483	322
char	450	9	487	55
char	459	187	500	248
char	460	490	465	499
char	466	455	508	511
char	481	101	511	141
char	483	277	511	323
char	484	366	511	426
char	486	0	509	52
char	499	190	511	248
char	501	101	506	110
char	506	456	511	472
char	506	0	511	4
char	507	484	511	502
char	507	468	511	488
char	507	465	511	475
char	508	505	511	511
char	508	0	511	4
