line	0	0	511	66
line	0	88	511	155
line	0	178	511	245
line	0	268	511	333
line	0	356	511	409
line	0	411	19	422
line	0	445	511	511
word	0	445	19	497
word	0	356	344	422
word	0	281	65	318
word	0	192	77	245
word	0	88	459	155
word	0	0	107	52
word	44	460	81	496
word	91	268	164	333
word	102	178	205	231
word	103	446	241	496
word	135	0	354	66
word	192	280	285	319
word	219	178	300	245
word	262	446	426	511
word	308	268	511	320
word	326	191	401	231
word	366	371	399	409
word	379	0	461	52
word	427	369	465	409
word	429	179	511	244
word	455	446	511	497
word	479	14	511	51
word	487	90	511	140
word	492	356	511	408
char	0	440	21	501
char	0	363	22	413
char	0	188	19	249
char	0	83	22	145
char	0	0	27	56
char	1	406	21	426
char	3	276	67	322
char	19	187	79	233
char	21	98	63	159
char	24	366	63	412
char	26	10	63	56
char	40	455	83	500
char	48	10	61	19
char	62	97	123	144
char	66	364	106	413
char	67	1	109	56
char	87	263	102	322
char	98	187	141	233
char	99	454	161	500
char	101	263	123	337
char	104	351	133	411
char	126	276	166	323
char	126	85	142	144
char	131	365	190	411
char	131	1	146	55
char	140	187	178	235
char	146	97	206	144
char	150	1	167	55
char	160	441	200	500
char	171	1	186	55
char	178	173	207	232
char	188	275	228	323
char	190	9	229	55
char	193	366	232	413
char	199	454	243	500
char	207	97	247	145
char	215	173	239	248
char	227	277	287	322
char	233	0	292	70
char	237	363	276	411
char	241	174	282	234
char	249	98	277	144
char	258	454	301	501
char	276	85	316	145
char	277	364	317	412
char	280	174	302	249
char	297	1	336	55
char	299	441	325	501
char	304	263	346	324
char	312	85	317	94
char	314	85	336	159
char	316	351	346	411
char	322	187	365	233
char	325	441	363	500
char	336	98	379	145
char	340	1	356	55
char	349	263	365	322
char	362	441	384	511
char	362	366	401	413
char	364	186	403	235
char	367	275	410	324
char	375	9	436	56
char	378	84	405	144
char	388	441	428	500
char	405	85	420	144
char	410	276	450	323
char	421	96	461	145
char	423	364	467	413
char	425	174	441	233
char	433	0	463	55
char	443	187	485	248
char	450	276	490	323
char	451	441	467	501
char	471	453	511	500
char	475	9	511	55
char	483	85	511	144
char	487	186	511	233
char	488	351	511	412
char	491	276	511	322
