line	0	0	511	48
line	0	85	511	151
line	0	175	511	241
line	0	265	511	331
line	0	355	511	408
line	0	445	491	511
word	0	445	167	497
word	0	355	511	408
word	0	265	369	331
word	0	188	78	228
word	0	98	18	151
word	0	0	314	48
word	39	85	511	151
word	102	175	329	241
word	189	445	298	511
word	319	459	377	496
word	339	0	455	48
word	355	175	511	241
word	395	265	511	318
word	398	445	451	497
word	481	0	511	47
char	0	441	6	500
char	0	350	21	410
char	0	273	41	321
char	0	183	39	232
char	0	93	20	155
char	0	3	39	50
char	5	440	21	500
char	22	453	62	501
char	25	363	65	410
char	35	80	79	155
char	38	185	80	230
char	39	4	80	50
char	41	274	80	321
char	64	440	81	500
char	66	363	107	411
char	80	3	122	51
char	81	273	143	320
char	82	440	125	501
char	83	93	125	154
char	98	183	141	245
char	109	350	124	410
char	123	0	140	50
char	124	363	168	411
char	125	95	166	140
char	128	440	169	500
char	142	273	184	322
char	142	3	186	52
char	144	170	185	231
char	166	93	204	141
char	168	363	207	411
char	184	273	224	321
char	185	440	228	501
char	185	170	224	230
char	187	0	230	50
char	204	96	246	140
char	212	350	251	410
char	224	273	263	321
char	225	183	266	232
char	229	451	272	511
char	229	0	258	50
char	246	94	286	141
char	253	363	294	411
char	255	0	272	50
char	265	260	282	320
char	265	170	295	228
char	271	3	316	51
char	272	440	300	501
char	283	273	326	335
char	285	94	329	140
char	289	186	331	230
char	295	362	355	410
char	315	454	379	500
char	327	271	371	321
char	330	80	369	140
char	335	0	377	51
char	351	170	391	231
char	357	362	397	411
char	369	93	410	155
char	377	1	417	51
char	391	272	432	322
char	391	183	432	245
char	394	453	434	501
char	398	363	436	411
char	410	92	450	141
char	418	2	457	52
char	433	260	449	320
char	434	183	463	230
char	436	363	475	412
char	437	440	453	500
char	452	273	511	321
char	452	80	495	141
char	461	183	500	232
char	475	365	511	409
char	477	0	511	51
char	494	93	511	141
char	500	183	511	245
char	507	401	510	410
