line	0	0	511	67
line	0	89	511	155
line	0	93	6	93
line	0	178	511	231
line	0	267	511	333
line	0	357	511	422
line	0	446	511	511
word	0	506	11	511
word	0	460	12	500
word	0	357	417	422
word	0	281	149	333
word	0	192	72	231
word	0	91	187	155
word	0	15	13	53
word	1	93	6	93
word	29	446	121	511
word	40	0	219	67
word	93	178	183	230
word	149	446	491	511
word	173	281	245	333
word	208	179	297	230
word	217	89	511	155
word	237	0	306	52
word	272	268	378	332
word	323	193	372	229
word	332	14	403	53
word	394	178	511	231
word	400	267	511	333
word	427	0	511	51
word	447	357	511	421
char	0	455	14	502
char	0	276	36	336
char	0	187	36	235
char	0	96	14	144
char	0	10	15	57
char	1	501	12	510
char	2	495	4	504
char	2	352	35	412
char	2	88	8	97
char	8	504	13	509
char	16	98	54	158
char	25	441	46	511
char	34	352	70	413
char	36	9	74	71
char	37	276	75	325
char	37	190	74	232
char	47	454	84	501
char	56	98	96	146
char	70	366	109	411
char	74	276	112	337
char	78	10	114	57
char	84	454	123	501
char	89	187	128	233
char	95	86	118	145
char	108	353	129	412
char	112	276	151	323
char	118	100	154	145
char	118	9	153	56
char	127	173	153	233
char	129	366	164	426
char	145	454	183	510
char	146	188	185	234
char	153	98	189	159
char	157	8	195	70
char	163	352	181	426
char	169	277	209	337
char	182	352	221	412
char	185	454	223	510
char	194	0	221	54
char	204	174	240	234
char	209	276	247	322
char	213	98	248	145
char	221	365	261	411
char	223	454	262	501
char	233	10	272	56
char	244	186	299	233
char	252	98	291	158
char	260	365	296	412
char	263	454	302	501
char	268	276	306	336
char	271	1	308	56
char	290	98	329	159
char	298	364	337	413
char	302	454	340	501
char	306	277	344	320
char	319	188	374	233
char	328	84	355	144
char	328	9	368	55
char	339	441	376	501
char	340	352	351	411
char	344	263	380	322
char	351	99	386	145
char	353	364	390	412
char	367	9	405	57
char	376	454	415	500
char	386	86	408	145
char	390	173	417	233
char	391	352	403	411
char	396	262	442	323
char	407	352	419	411
char	407	99	442	145
char	413	188	451	235
char	415	454	453	501
char	423	10	461	55
char	438	277	473	323
char	441	85	459	159
char	443	352	455	411
char	453	187	510	233
char	454	441	493	501
char	459	359	485	411
char	460	10	498	55
char	461	98	500	159
char	472	263	490	337
char	478	355	483	364
char	478	353	483	362
char	483	352	494	412
char	495	276	511	322
char	498	365	511	425
char	498	1	510	55
char	499	98	511	146
