line	0	1	511	67
line	0	90	511	155
line	0	179	511	245
line	0	267	511	334
line	0	356	422	423
line	0	445	511	511
word	0	445	277	511
word	0	356	422	423
word	0	280	19	334
word	0	179	143	245
word	0	102	19	140
word	0	93	8	94
word	0	0	229	52
word	45	90	399	154
word	48	267	390	319
word	164	191	322	230
word	248	0	455	67
word	297	446	435	497
word	346	191	423	244
word	413	268	511	319
word	425	90	511	155
word	452	191	488	243
word	462	459	511	497
word	483	0	511	53
char	0	454	18	501
char	0	364	9	409
char	0	275	21	338
char	0	186	18	233
char	0	97	21	144
char	0	7	20	56
char	3	89	8	98
char	3	89	5	98
char	3	2	10	11
char	5	367	46	427
char	5	88	10	97
char	13	4	18	13
char	13	5	18	9
char	13	2	18	6
char	18	453	58	501
char	18	188	58	249
char	24	1	63	55
char	41	85	56	144
char	44	263	95	323
char	46	363	84	412
char	58	453	99	510
char	58	187	98	248
char	60	97	102	158
char	64	1	80	55
char	78	9	122	56
char	84	351	112	411
char	95	263	136	323
char	99	441	127	501
char	101	174	118	233
char	104	85	145	145
char	111	365	149	411
char	118	175	145	234
char	122	1	162	56
char	126	441	165	500
char	138	276	166	322
char	145	98	204	144
char	152	352	194	413
char	160	187	203	234
char	162	1	190	56
char	165	455	205	511
char	165	276	203	323
char	189	1	231	56
char	194	364	235	425
char	196	135	202	144
char	203	277	262	322
char	203	98	244	144
char	204	187	233	233
char	206	452	250	501
char	232	187	291	233
char	235	366	277	427
char	244	1	268	70
char	245	85	260	144
char	248	440	279	500
char	262	275	300	323
char	265	85	280	144
char	268	9	311	56
char	276	364	315	412
char	282	97	322	145
char	293	441	336	501
char	294	186	324	233
char	301	277	341	323
char	311	9	371	55
char	314	365	356	427
char	324	85	364	144
char	335	454	396	500
char	340	262	392	323
char	342	186	381	233
char	356	351	385	412
char	361	313	366	322
char	363	98	401	145
char	372	7	415	71
char	383	353	424	413
char	383	187	425	248
char	395	441	437	501
char	409	263	451	323
char	418	1	457	55
char	421	97	463	159
char	448	186	490	247
char	454	275	511	322
char	458	454	498	501
char	466	85	508	145
char	479	1	511	57
char	501	454	511	501
char	507	110	511	144
char	508	107	511	116
char	508	104	511	113
char	508	99	511	111
