line	0	1	511	67
line	0	89	511	155
line	0	178	511	245
line	0	267	511	333
line	0	355	511	423
line	0	445	511	511
word	0	445	190	511
word	0	355	38	423
word	0	267	130	333
word	0	178	94	229
word	0	103	12	140
word	0	0	123	67
word	35	103	144	140
word	59	371	172	422
word	118	178	155	229
word	145	14	258	66
word	153	268	232	319
word	166	89	327	140
word	177	195	212	230
word	197	357	464	422
word	211	446	511	511
word	234	178	352	245
word	256	268	511	319
word	282	0	511	67
word	350	104	378	140
word	375	193	404	230
word	402	103	511	155
word	427	179	511	229
word	488	371	511	422
char	0	457	30	499
char	0	366	19	427
char	0	263	39	323
char	0	174	37	232
char	0	98	14	144
char	0	2	2	6
char	0	1	22	55
char	5	2	10	6
char	17	350	40	408
char	22	12	49	55
char	28	440	54	511
char	31	98	75	143
char	37	173	69	233
char	38	278	78	337
char	49	10	87	56
char	55	368	97	412
char	56	441	102	499
char	63	189	96	233
char	74	99	108	144
char	78	277	110	321
char	87	9	125	71
char	97	366	132	411
char	101	457	130	501
char	108	103	146	141
char	109	262	132	319
char	114	173	157	233
char	129	440	154	511
char	133	366	174	426
char	139	134	144	143
char	141	10	184	70
char	149	279	191	323
char	157	455	192	499
char	162	84	211	143
char	173	190	214	234
char	184	9	222	56
char	191	263	234	323
char	193	366	236	426
char	207	443	235	500
char	211	84	232	143
char	223	9	260	55
char	230	173	278	248
char	232	99	260	144
char	234	459	271	499
char	237	366	265	410
char	252	276	291	323
char	260	99	302	143
char	265	368	306	411
char	271	457	310	511
char	278	1	320	56
char	281	187	316	234
char	290	263	312	321
char	302	87	329	144
char	306	368	363	412
char	310	455	372	497
char	312	263	353	322
char	316	188	354	249
char	320	1	363	55
char	346	99	380	144
char	353	263	395	321
char	357	312	362	321
char	359	312	364	321
char	361	312	366	321
char	363	367	403	411
char	363	9	402	71
char	364	490	370	499
char	371	188	406	234
char	372	455	435	499
char	395	277	432	322
char	398	98	441	159
char	403	352	426	410
char	403	10	438	55
char	423	174	468	232
char	425	352	466	410
char	432	263	473	323
char	434	441	457	499
char	438	1	479	55
char	441	99	477	144
char	457	456	498	499
char	466	174	507	233
char	474	263	511	323
char	477	101	511	144
char	480	9	511	56
char	484	366	511	426
char	498	441	511	499
char	507	220	511	231
char	507	192	511	221
char	508	217	511	227
char	508	215	511	224
char	508	190	511	199
