line	0	0	511	62
line	0	85	511	151
line	0	175	511	241
line	505	240	511	240
line	0	265	511	331
line	0	355	511	422
line	0	445	511	511
line	0	447	12	447
line	0	501	14	508
word	0	457	77	510
word	0	355	354	422
word	0	265	169	331
word	0	175	338	241
word	0	85	307	151
word	0	6	13	47
word	12	447	12	447
word	39	0	95	47
word	103	445	158	496
word	120	0	194	46
word	181	445	295	511
word	191	265	452	331
word	219	8	289	46
word	316	8	350	46
word	320	458	340	497
word	333	85	511	138
word	364	445	481	497
word	365	175	398	228
word	373	7	489	60
word	384	368	511	408
word	424	175	511	240
word	480	279	511	318
word	508	445	511	496
word	508	19	511	62
char	0	452	17	503
char	0	363	15	426
char	0	183	15	231
char	0	93	35	140
char	0	1	15	51
char	2	274	35	321
char	6	502	11	511
char	8	503	13	508
char	8	497	16	510
char	8	442	14	451
char	11	496	16	507
char	14	183	51	244
char	16	363	56	425
char	19	453	79	500
char	35	274	75	335
char	35	3	61	51
char	39	93	77	154
char	51	184	92	232
char	59	363	115	410
char	59	0	97	51
char	76	273	111	321
char	77	93	115	155
char	91	183	127	230
char	99	451	125	500
char	111	260	139	320
char	116	93	155	155
char	116	0	142	50
char	118	441	123	451
char	119	350	131	410
char	124	440	160	500
char	132	170	143	230
char	133	364	170	411
char	136	274	171	320
char	142	4	196	50
char	143	183	178	231
char	157	80	195	141
char	171	350	183	410
char	176	170	195	245
char	177	454	216	511
char	183	363	224	410
char	187	260	208	335
char	196	93	236	155
char	199	183	224	230
char	212	260	224	321
char	215	4	256	50
char	220	453	258	510
char	222	170	259	231
char	223	272	259	321
char	224	364	259	411
char	236	80	272	140
char	256	260	275	335
char	256	3	291	50
char	260	440	297	500
char	261	350	299	412
char	264	184	299	231
char	271	94	309	143
char	276	260	300	321
char	300	273	336	321
char	301	364	339	425
char	301	183	340	245
char	312	3	352	50
char	316	453	342	501
char	329	94	370	141
char	337	274	374	322
char	338	350	356	425
char	360	440	372	500
char	361	170	400	232
char	369	4	408	64
char	370	93	410	142
char	374	453	410	501
char	376	273	412	320
char	380	363	416	410
char	409	2	450	53
char	410	93	446	141
char	411	454	449	501
char	414	273	454	321
char	418	363	455	412
char	420	170	445	231
char	444	185	482	232
char	448	454	483	501
char	448	80	485	140
char	452	3	491	64
char	454	364	509	409
char	476	274	511	322
char	483	183	511	242
char	484	94	511	140
char	488	229	493	238
char	501	235	508	244
char	504	440	511	500
char	504	14	511	66
