line	0	0	511	52
line	0	89	511	155
line	0	178	213	245
line	0	267	511	334
line	501	271	511	271
line	0	356	511	423
line	0	445	511	511
word	0	445	316	497
word	0	356	103	407
word	0	282	20	317
word	0	178	213	245
word	0	89	202	155
word	0	17	19	52
word	37	267	151	333
word	41	0	332	52
word	127	373	208	408
word	172	267	227	317
word	222	104	247	139
word	228	356	302	406
word	250	267	480	334
word	267	105	364	141
word	320	372	511	423
word	340	445	511	511
word	355	16	511	52
word	387	106	415	141
word	438	89	511	141
word	500	283	511	318
word	501	271	511	275
char	0	457	11	500
char	0	367	32	410
char	0	277	22	321
char	0	188	24	232
char	0	102	13	159
char	0	12	21	56
char	3	442	9	453
char	10	440	50	497
char	12	84	32	142
char	22	173	47	249
char	30	351	68	410
char	32	84	77	143
char	33	279	77	337
char	37	12	76	54
char	48	440	86	500
char	49	190	82	234
char	67	351	105	411
char	75	262	95	319
char	75	84	115	143
char	75	12	135	54
char	81	193	121	249
char	84	440	122	497
char	95	262	134	321
char	114	101	147	145
char	119	191	156	230
char	120	440	158	500
char	123	368	156	411
char	133	262	153	321
char	134	12	166	55
char	145	101	204	141
char	156	370	210	412
char	156	189	215	232
char	158	440	196	497
char	166	14	219	56
char	168	278	209	321
char	194	440	231	500
char	208	223	213	232
char	209	262	229	321
char	218	99	249	143
char	218	0	259	52
char	224	367	264	410
char	232	457	265	501
char	246	262	309	323
char	256	0	277	54
char	263	351	304	410
char	263	100	296	145
char	265	457	297	501
char	275	13	334	54
char	295	104	335	144
char	298	440	318	498
char	303	262	308	271
char	307	282	346	338
char	316	368	355	412
char	334	100	366	144
char	336	457	364	500
char	344	279	376	319
char	351	11	384	56
char	354	367	393	427
char	364	456	397	501
char	375	262	399	337
char	383	101	417	145
char	384	12	417	56
char	393	367	421	411
char	398	456	435	511
char	401	262	423	321
char	416	15	470	56
char	421	368	461	426
char	422	279	482	321
char	433	440	474	497
char	434	84	474	145
char	458	371	496	408
char	470	460	510	511
char	470	104	510	144
char	471	12	502	56
char	496	367	511	411
char	496	278	511	322
char	497	268	504	279
char	497	266	507	275
char	502	14	511	55
char	505	266	510	275
char	507	266	510	275
