line	0	0	511	62
line	0	85	511	152
line	0	175	511	242
line	509	229	511	241
line	0	264	511	332
line	0	355	511	422
line	0	445	511	511
word	0	445	162	511
word	0	355	220	422
word	0	264	149	317
word	0	182	11	227
word	0	85	107	152
word	0	0	119	62
word	32	175	231	227
word	128	85	273	137
word	142	0	291	47
word	168	282	241	331
word	186	445	511	511
word	234	355	338	422
word	252	175	473	242
word	260	281	295	332
word	297	85	368	137
word	312	0	424	47
word	320	265	490	317
word	359	360	415	407
word	382	85	456	152
word	418	147	425	150
word	435	355	511	407
word	446	12	511	47
word	483	85	511	137
word	495	175	511	241
word	501	279	511	317
char	0	455	22	500
char	0	363	14	409
char	0	350	13	370
char	0	259	35	321
char	0	184	13	231
char	0	96	13	155
char	0	7	18	51
char	1	138	6	147
char	2	177	12	191
char	2	135	6	144
char	11	80	33	139
char	12	350	33	409
char	17	0	42	66
char	21	440	41	499
char	28	170	70	229
char	31	99	70	156
char	33	367	66	410
char	35	260	73	321
char	40	460	96	500
char	42	6	82	49
char	66	350	100	408
char	69	170	89	229
char	69	98	109	155
char	73	276	110	321
char	82	10	121	50
char	87	189	142	231
char	96	456	127	500
char	105	367	146	410
char	110	260	151	321
char	124	97	164	140
char	126	457	164	511
char	138	0	159	49
char	140	170	179	231
char	146	366	184	426
char	160	7	194	51
char	164	277	206	321
char	164	98	201	140
char	179	170	200	229
char	182	440	204	499
char	182	369	222	410
char	194	7	220	50
char	200	187	233	231
char	200	80	241	137
char	204	440	225	499
char	204	277	243	335
char	206	7	211	16
char	220	7	254	51
char	225	457	257	500
char	230	350	256	426
char	240	98	275	141
char	248	170	288	231
char	253	0	293	51
char	256	456	294	511
char	256	276	297	336
char	257	367	313	411
char	288	170	309	230
char	292	440	331	500
char	293	80	334	141
char	308	187	347	245
char	308	7	342	51
char	312	366	340	407
char	316	276	344	321
char	331	440	352	498
char	331	100	370	137
char	342	0	363	49
char	345	276	373	321
char	345	187	379	245
char	351	460	390	500
char	355	366	393	411
char	363	0	402	49
char	373	260	457	319
char	377	170	401	246
char	378	80	404	156
char	385	7	426	49
char	388	457	447	499
char	393	355	417	410
char	401	188	443	231
char	407	97	435	141
char	414	145	426	154
char	414	142	420	151
char	419	142	427	152
char	431	368	471	409
char	434	80	458	156
char	442	310	457	319
char	442	186	475	231
char	442	7	477	51
char	446	460	486	511
char	457	260	492	319
char	471	350	511	411
char	475	9	511	49
char	479	80	511	141
char	485	458	511	498
char	491	170	511	231
char	497	274	511	321
char	503	400	509	409
char	505	224	511	245
char	507	400	511	409
char	508	40	511	49
