line	0	4	511	70
line	0	94	511	159
line	0	154	17	158
line	0	181	511	246
line	0	186	17	186
line	0	270	511	335
line	0	358	511	409
line	0	446	511	511
line	511	505	511	507
line	512	509	511	509
word	0	446	511	511
word	0	371	62	409
word	0	282	58	335
word	0	181	169	236
word	0	155	3	155
word	0	94	403	159
word	0	2	89	56
word	15	154	17	158
word	18	186	18	186
word	83	284	117	321
word	90	358	123	408
word	108	6	511	70
word	141	283	174	321
word	148	359	263	408
word	188	182	266	233
word	203	270	298	321
word	290	372	327	409
word	294	182	511	246
word	315	270	417	335
word	351	359	511	409
word	429	94	511	144
word	441	283	511	334
word	511	505	511	511
char	0	366	20	412
char	0	279	18	326
char	0	189	21	240
char	0	102	21	150
char	3	455	39	501
char	3	150	5	159
char	3	12	60	60
char	8	230	15	239
char	11	149	19	162
char	14	181	19	190
char	19	277	60	339
char	21	367	64	413
char	21	190	60	237
char	22	103	60	149
char	40	454	80	501
char	59	4	91	60
char	60	104	101	146
char	61	190	99	237
char	61	103	66	112
char	72	4	77	8
char	79	279	119	325
char	81	454	121	510
char	86	353	125	412
char	101	190	140	237
char	101	90	140	148
char	104	13	143	61
char	120	455	162	501
char	137	278	176	325
char	140	176	171	236
char	140	103	204	163
char	144	366	183	412
char	145	12	185	60
char	161	455	201	511
char	184	177	226	237
char	187	354	226	412
char	188	1	228	60
char	199	265	214	324
char	201	454	240	510
char	202	103	243	146
char	218	279	257	325
char	227	354	265	412
char	228	13	269	74
char	229	190	268	237
char	244	441	260	500
char	244	89	283	148
char	257	279	300	324
char	259	454	302	500
char	268	1	310	61
char	284	102	324	149
char	286	367	329	413
char	290	190	331	250
char	302	455	335	501
char	310	2	337	61
char	311	265	335	339
char	325	90	366	149
char	331	177	362	236
char	334	441	356	511
char	337	15	376	61
char	339	266	378	324
char	347	366	387	413
char	355	191	397	236
char	361	442	400	500
char	366	103	405	149
char	379	278	419	325
char	379	13	439	60
char	387	367	429	411
char	397	177	412	236
char	403	454	462	500
char	414	177	456	237
char	425	102	485	148
char	429	354	444	412
char	437	279	476	325
char	440	13	479	61
char	448	366	487	413
char	459	177	498	236
char	466	454	505	501
char	478	278	511	338
char	480	1	511	63
char	486	367	511	412
char	489	89	511	148
char	501	188	511	237
char	504	454	511	501
char	507	500	511	511
char	508	504	511	509
