line	0	6	511	72
line	0	94	511	160
line	503	149	511	159
line	0	182	511	248
line	505	241	511	245
line	0	287	69	335
line	0	358	511	424
line	0	445	511	511
word	0	445	476	511
word	0	287	69	335
word	0	182	147	248
word	0	94	240	160
word	0	6	26	57
word	21	358	129	408
word	50	22	209	71
word	150	358	382	424
word	170	182	235	233
word	227	6	386	72
word	254	182	511	247
word	263	94	400	160
word	402	358	473	423
word	411	6	511	57
word	425	94	511	159
word	494	463	511	496
word	495	374	511	424
word	504	99	511	104
word	505	241	511	245
char	0	457	12	500
char	0	282	35	339
char	0	177	18	236
char	0	106	13	163
char	0	1	28	61
char	11	440	32	500
char	11	89	31	148
char	13	186	18	196
char	13	184	18	193
char	15	152	23	162
char	16	195	56	252
char	17	371	58	412
char	21	152	28	163
char	30	107	67	163
char	32	458	68	511
char	34	282	71	325
char	46	17	84	75
char	54	195	91	236
char	57	353	77	412
char	66	105	106	164
char	67	447	89	500
char	76	373	131	412
char	84	21	119	58
char	89	460	120	500
char	91	182	114	236
char	105	106	140	148
char	113	195	149	251
char	118	461	173	500
char	119	19	156	60
char	133	491	138	500
char	140	105	176	148
char	146	353	169	412
char	155	20	211	60
char	166	194	199	237
char	169	370	191	413
char	172	441	193	500
char	177	105	204	149
char	187	19	195	28
char	189	353	213	428
char	193	441	213	500
char	196	177	237	235
char	197	19	202	28
char	203	89	242	148
char	212	461	249	500
char	214	353	252	412
char	223	17	263	75
char	248	441	287	500
char	250	193	291	236
char	252	353	289	412
char	259	106	296	149
char	263	21	315	60
char	283	460	311	500
char	289	353	327	413
char	289	177	310	236
char	296	106	323	149
char	310	458	345	511
char	310	194	343	236
char	314	18	366	58
char	323	106	351	147
char	325	373	364	428
char	342	194	381	251
char	344	461	384	511
char	350	105	379	148
char	363	353	384	412
char	364	1	388	76
char	377	89	402	164
char	379	194	410	236
char	384	441	422	498
char	398	353	439	412
char	407	19	447	61
char	409	197	462	236
char	418	460	478	498
char	421	89	463	148
char	438	370	475	427
char	444	18	473	59
char	459	109	497	148
char	461	177	498	236
char	472	1	510	61
char	490	458	511	500
char	491	369	511	428
char	497	105	511	151
char	498	195	511	237
char	499	148	510	163
char	499	144	506	154
char	500	94	511	108
char	501	236	507	248
char	503	240	509	249
char	503	144	510	154
char	504	238	510	247
char	505	146	510	155
char	508	147	511	156
