line	0	0	511	66
line	0	89	511	156
line	0	146	11	155
line	0	178	511	245
line	0	239	12	241
line	0	268	511	333
line	0	356	511	423
line	0	445	511	511
word	0	445	427	511
word	0	356	162	407
word	0	268	259	319
word	0	193	95	233
word	0	89	182	155
word	0	15	145	66
word	2	239	12	241
word	118	178	511	245
word	169	0	340	66
word	185	356	257	423
word	204	90	511	156
word	283	268	361	319
word	284	370	321	407
word	346	370	375	407
word	368	15	486	51
word	384	284	420	333
word	396	373	432	408
word	442	268	511	319
word	448	445	511	495
word	452	372	488	408
word	509	357	511	408
char	0	456	13	500
char	0	365	5	411
char	0	269	18	321
char	0	190	14	237
char	0	100	13	146
char	0	27	2	36
char	0	17	2	28
char	0	14	2	23
char	2	141	13	159
char	2	10	30	56
char	3	234	14	245
char	5	351	48	411
char	9	266	16	275
char	13	441	58	499
char	13	190	70	233
char	13	98	77	143
char	18	490	23	499
char	18	277	60	321
char	30	14	69	70
char	48	367	81	411
char	57	456	119	499
char	60	263	102	323
char	69	188	97	233
char	69	12	106	52
char	77	84	109	143
char	81	352	125	408
char	102	263	142	323
char	102	97	138	145
char	104	263	109	272
char	106	12	147	55
char	114	188	155	249
char	119	441	164	499
char	124	369	164	411
char	139	85	184	143
char	143	276	182	323
char	154	173	179	249
char	160	459	199	500
char	165	9	200	55
char	181	352	205	411
char	181	281	220	322
char	183	187	246	232
char	199	455	240	497
char	199	2	226	55
char	200	98	243	159
char	205	367	234	412
char	220	263	261	323
char	226	12	255	56
char	234	351	259	427
char	240	455	270	501
char	243	98	305	142
char	246	174	268	232
char	254	0	279	70
char	269	174	309	233
char	270	440	295	511
char	279	263	324	321
char	280	365	323	411
char	281	12	318	70
char	294	174	299	183
char	296	174	303	183
char	298	455	362	499
char	305	99	347	143
char	310	189	346	233
char	317	0	342	70
char	323	263	363	323
char	342	365	377	411
char	346	188	387	249
char	347	99	381	143
char	362	455	395	500
char	364	10	394	55
char	380	279	422	337
char	380	101	435	144
char	388	173	411	233
char	392	368	434	412
char	393	12	449	55
char	396	455	429	499
char	410	188	448	249
char	434	101	474	160
char	438	263	481	321
char	439	12	447	21
char	444	440	478	499
char	448	367	490	412
char	448	176	474	232
char	448	12	488	55
char	472	456	505	499
char	473	85	495	141
char	474	189	501	233
char	481	277	511	323
char	494	100	511	145
char	501	174	511	233
char	505	455	511	499
char	505	352	511	412
