line	0	0	511	62
line	0	85	511	151
line	0	175	511	241
line	0	265	511	331
line	0	355	511	407
line	0	445	511	511
word	0	445	40	496
word	0	355	323	407
word	0	265	41	317
word	0	175	63	241
word	0	85	41	139
word	0	0	73	61
word	61	265	481	331
word	62	445	154	511
word	69	85	508	151
word	89	175	397	240
word	94	8	128	47
word	152	0	434	61
word	184	445	511	511
word	347	355	511	407
word	420	188	511	226
word	463	8	511	62
word	500	268	511	317
char	0	352	21	411
char	0	352	12	366
char	0	182	21	245
char	0	1	20	64
char	1	440	42	500
char	1	260	43	321
char	1	80	43	143
char	6	355	12	364
char	18	0	41	65
char	22	364	60	411
char	25	170	65	230
char	45	3	75	51
char	57	260	81	335
char	58	453	98	501
char	64	360	94	411
char	65	93	103	155
char	85	260	125	320
char	85	170	112	233
char	90	3	130	51
char	93	350	134	411
char	98	455	135	498
char	102	80	124	155
char	112	183	155	244
char	123	260	152	320
char	124	93	169	142
char	134	440	156	511
char	136	350	176	410
char	147	273	189	335
char	148	4	192	50
char	154	170	196	231
char	169	92	208	140
char	177	363	217	411
char	180	454	220	501
char	192	260	233	320
char	192	2	232	65
char	196	183	258	230
char	208	80	239	140
char	219	350	261	411
char	224	440	264	500
char	231	274	270	321
char	236	80	276	141
char	236	3	276	50
char	258	183	318	230
char	264	453	305	501
char	264	350	280	410
char	272	273	311	320
char	276	4	320	50
char	280	80	320	140
char	283	350	325	411
char	307	4	312	13
char	308	440	324	500
char	311	273	373	320
char	319	183	360	232
char	319	0	358	51
char	323	80	363	140
char	324	452	364	501
char	343	364	387	410
char	357	5	398	50
char	360	183	399	231
char	361	95	401	155
char	365	453	405	501
char	373	271	415	321
char	387	350	427	410
char	398	3	436	51
char	401	92	440	141
char	404	441	431	501
char	415	274	455	319
char	416	183	459	230
char	426	364	464	411
char	431	453	471	510
char	440	93	479	141
char	454	260	483	320
char	458	183	511	230
char	459	4	498	51
char	466	350	508	411
char	470	454	511	511
char	479	80	505	141
char	496	263	511	321
char	498	3	511	66
