line	0	4	511	71
line	0	94	511	158
line	0	182	511	247
line	0	270	511	336
line	0	357	511	423
line	507	411	511	411
line	0	446	511	511
word	0	458	58	498
word	0	357	511	423
word	0	270	511	336
word	0	195	38	232
word	0	94	199	145
word	0	6	116	71
word	19	506	19	506
word	66	182	290	247
word	84	446	511	511
word	143	18	178	70
word	201	19	462	57
word	225	107	262	158
word	290	94	511	158
word	320	182	396	232
word	417	182	511	247
word	485	2	511	56
char	0	453	22	502
char	0	367	19	413
char	0	278	38	324
char	0	190	40	236
char	0	90	24	149
char	0	15	18	75
char	15	501	20	510
char	18	14	59	74
char	19	353	49	412
char	22	454	60	501
char	23	89	63	148
char	37	279	76	339
char	48	354	62	412
char	61	1	77	60
char	62	190	122	236
char	62	89	103	149
char	64	366	106	427
char	77	278	115	324
char	78	15	118	61
char	80	454	122	511
char	103	103	162	147
char	109	366	148	413
char	117	278	160	325
char	121	178	149	237
char	122	442	173	501
char	139	13	180	74
char	148	352	257	412
char	149	177	189	237
char	159	279	199	340
char	161	89	201	149
char	172	455	210	501
char	179	367	184	376
char	191	177	230	236
char	197	14	239	60
char	198	265	226	324
char	209	455	251	498
char	218	367	224	376
char	221	367	226	376
char	221	102	264	162
char	224	267	239	324
char	231	190	273	251
char	238	15	279	60
char	239	266	267	325
char	243	403	248	412
char	250	454	290	510
char	254	367	295	426
char	263	279	304	325
char	277	177	292	236
char	278	15	316	61
char	286	102	327	162
char	293	441	335	501
char	295	367	334	413
char	305	279	345	325
char	316	190	355	236
char	316	15	356	58
char	329	89	368	148
char	334	369	368	427
char	335	454	375	501
char	344	279	385	339
char	356	15	398	61
char	359	177	398	236
char	366	353	389	427
char	372	102	411	148
char	375	453	435	500
char	385	265	401	324
char	390	366	430	413
char	399	14	427	60
char	402	279	438	325
char	412	102	452	149
char	413	177	436	251
char	426	15	464	61
char	430	353	458	411
char	437	266	459	339
char	438	441	477	500
char	441	177	481	237
char	453	102	511	148
char	457	368	494	412
char	460	279	499	327
char	481	441	511	501
char	481	4	511	60
char	483	189	511	236
char	495	367	511	413
char	502	265	511	324
char	503	406	509	415
char	506	406	511	415
char	508	38	511	47
char	508	36	511	45
