line	0	1	511	67
line	0	89	511	155
line	0	178	511	244
line	0	355	511	423
line	0	445	511	511
line	506	453	511	453
word	0	445	511	511
word	0	355	144	409
word	0	179	40	231
word	0	148	2	148
word	0	89	58	155
word	0	0	117	53
word	66	179	137	231
word	81	90	98	155
word	128	90	441	155
word	144	0	511	67
word	163	191	197	231
word	171	356	489	423
word	223	178	511	244
word	466	103	500	142
char	0	453	19	501
char	0	364	19	412
char	0	84	21	146
char	0	9	38	57
char	2	143	4	152
char	3	174	42	235
char	19	441	60	501
char	21	363	60	411
char	25	85	40	145
char	38	85	60	159
char	38	8	76	57
char	39	7	44	16
char	62	186	102	235
char	63	453	105	511
char	64	350	105	413
char	77	85	100	159
char	77	1	119	56
char	103	174	119	233
char	105	455	164	500
char	106	364	146	412
char	124	174	139	233
char	124	97	153	144
char	140	9	200	55
char	153	85	193	146
char	159	186	199	235
char	163	441	203	501
char	167	352	183	411
char	184	364	224	413
char	194	97	236	159
char	203	440	234	500
char	203	1	243	55
char	219	186	263	235
char	225	364	267	413
char	228	440	314	500
char	237	97	279	159
char	244	9	284	57
char	263	186	305	248
char	268	364	310	427
char	280	97	321	145
char	286	1	302	55
char	302	9	363	55
char	305	173	335	234
char	311	455	352	501
char	313	351	353	411
char	321	97	360	145
char	331	188	368	234
char	351	440	381	499
char	355	364	395	413
char	359	97	398	145
char	363	1	440	55
char	371	186	410	233
char	378	455	418	510
char	395	366	454	411
char	401	97	443	158
char	414	186	455	248
char	418	453	459	501
char	438	10	479	71
char	452	364	491	413
char	457	174	497	233
char	458	455	499	500
char	462	98	502	146
char	476	9	511	55
char	499	453	511	502
char	501	174	511	234
char	502	448	508	457
char	505	448	510	457
