line	0	0	511	61
line	0	84	511	151
line	0	175	183	241
line	0	265	511	331
line	0	269	8	269
line	0	355	511	421
line	511	410	511	410
line	511	414	511	415
line	507	417	511	418
line	0	445	511	510
line	492	502	511	510
word	0	445	251	511
word	0	368	73	408
word	0	276	51	318
word	0	269	8	269
word	0	188	109	241
word	0	85	96	139
word	0	0	511	61
word	79	265	511	331
word	99	355	425	421
word	124	98	214	151
word	126	175	183	241
word	241	98	272	137
word	277	445	390	497
word	300	84	510	151
word	412	445	511	511
word	452	355	483	406
word	503	367	511	418
char	0	454	15	510
char	0	363	35	410
char	0	271	15	320
char	0	183	36	245
char	0	80	26	140
char	0	30	4	48
char	0	1	5	21
char	2	264	10	273
char	2	264	5	273
char	3	0	40	50
char	5	503	12	509
char	15	440	27	500
char	16	273	53	322
char	24	80	60	140
char	31	453	69	510
char	35	184	75	231
char	37	363	75	412
char	39	3	96	50
char	59	94	98	143
char	68	454	122	500
char	69	454	74	463
char	75	273	135	320
char	75	184	111	231
char	95	350	107	410
char	96	0	178	51
char	111	363	149	424
char	120	454	174	500
char	120	93	176	140
char	122	170	143	245
char	136	273	192	320
char	147	170	185	231
char	151	363	207	410
char	174	453	213	501
char	174	4	211	64
char	177	93	216	155
char	187	4	192	13
char	195	274	231	321
char	207	364	262	410
char	213	453	253	501
char	215	3	272	50
char	235	273	271	321
char	237	93	274	141
char	261	364	294	410
char	273	454	313	501
char	273	3	311	65
char	275	273	300	320
char	291	350	311	425
char	296	79	334	141
char	298	260	336	322
char	312	363	349	412
char	315	440	351	500
char	316	3	351	51
char	333	80	360	139
char	336	272	376	320
char	351	350	387	410
char	351	3	391	50
char	354	454	392	501
char	358	94	392	141
char	376	273	411	320
char	389	363	427	412
char	391	4	429	51
char	393	94	432	155
char	408	440	448	503
char	413	273	452	334
char	432	80	468	140
char	432	3	456	50
char	448	350	485	410
char	450	453	488	501
char	452	274	491	335
char	455	4	494	51
char	470	93	507	142
char	488	497	511	510
char	488	451	511	502
char	489	441	511	456
char	490	274	511	335
char	491	497	496	506
char	495	0	511	50
char	499	362	511	411
char	502	449	508	458
char	503	412	511	422
char	507	409	511	419
char	507	405	511	414
