line	0	0	511	66
line	0	90	511	142
line	0	179	511	245
line	0	266	511	333
line	0	357	203	423
line	0	445	511	511
word	0	460	17	511
word	0	357	125	409
word	0	266	164	320
word	0	192	18	230
word	0	102	38	140
word	0	0	159	66
word	39	179	57	245
word	41	445	511	511
word	63	104	101	140
word	87	191	182	245
word	127	90	239	142
word	150	357	203	423
word	183	0	286	53
word	191	268	308	333
word	208	179	511	244
word	264	102	511	141
word	303	0	511	66
word	333	268	453	333
word	482	268	511	318
char	0	455	19	511
char	0	363	40	411
char	0	263	22	324
char	0	187	20	234
char	0	97	40	144
char	0	9	18	57
char	18	9	54	57
char	22	278	62	321
char	35	174	59	249
char	37	453	79	511
char	42	364	85	413
char	52	1	75	70
char	59	99	103	144
char	61	261	113	323
char	79	9	119	55
char	81	453	142	500
char	83	186	144	233
char	87	352	127	411
char	110	277	148	323
char	120	8	161	57
char	123	85	139	144
char	140	97	180	146
char	142	453	182	501
char	143	188	184	249
char	146	364	185	426
char	149	263	166	322
char	179	1	221	57
char	181	97	241	144
char	183	352	205	427
char	184	441	224	500
char	187	275	227	324
char	204	187	234	234
char	221	0	251	55
char	223	455	267	500
char	226	263	248	337
char	231	187	269	235
char	248	276	310	323
char	248	1	288	55
char	260	98	304	144
char	266	453	326	500
char	269	174	311	234
char	299	0	323	70
char	304	97	343	144
char	313	186	354	248
char	327	9	367	55
char	329	263	370	324
char	330	441	346	500
char	347	98	387	144
char	349	440	391	501
char	355	187	399	248
char	370	278	410	337
char	370	1	412	57
char	390	455	432	499
char	390	97	430	144
char	397	188	459	233
char	411	276	439	322
char	414	1	430	55
char	431	97	471	145
char	431	7	472	56
char	432	453	492	500
char	438	263	455	322
char	458	174	498	233
char	471	97	510	145
char	472	9	510	56
char	478	263	511	322
char	495	441	511	500
char	501	186	511	235
