line	0	0	511	61
line	0	85	511	151
line	0	175	511	242
line	0	265	511	332
line	0	355	511	421
line	0	445	511	511
word	0	445	116	511
word	0	355	383	421
word	0	265	511	332
word	0	175	127	226
word	0	93	13	135
word	0	9	77	61
word	36	85	197	135
word	99	0	283	61
word	137	445	175	495
word	152	175	493	242
word	199	445	445	511
word	221	100	250	135
word	272	85	511	151
word	304	0	417	61
word	405	355	511	421
word	437	11	511	45
word	468	445	487	495
word	509	446	511	495
char	0	455	19	511
char	0	366	33	410
char	0	275	35	320
char	0	185	15	229
char	0	88	15	139
char	0	4	40	49
char	15	184	43	229
char	18	440	60	499
char	32	350	75	408
char	32	95	68	139
char	35	274	71	319
char	36	400	42	409
char	40	5	79	65
char	43	170	86	229
char	60	458	118	499
char	67	80	100	139
char	71	274	106	319
char	75	350	116	409
char	85	170	129	230
char	93	98	135	139
char	95	0	130	49
char	106	263	132	319
char	116	350	161	409
char	123	8	165	49
char	132	277	173	318
char	133	440	177	499
char	135	95	199	139
char	148	185	186	230
char	159	367	201	409
char	165	0	209	49
char	173	275	212	335
char	186	185	228	245
char	195	440	219	499
char	202	365	244	425
char	208	6	246	65
char	212	277	253	319
char	217	95	252	139
char	219	440	261	500
char	227	187	285	229
char	243	366	300	409
char	245	8	285	48
char	253	274	288	319
char	260	440	283	497
char	268	80	298	139
char	283	455	324	511
char	285	185	326	245
char	288	260	330	320
char	297	130	313	139
char	297	80	340	139
char	299	350	321	409
char	300	0	334	49
char	301	400	306	409
char	310	130	315	139
char	312	130	317	139
char	320	354	347	410
char	324	440	365	499
char	325	188	365	246
char	328	260	352	317
char	328	0	356	50
char	338	80	361	139
char	346	365	385	425
char	352	276	385	320
char	354	7	395	65
char	359	96	399	155
char	364	170	411	245
char	366	458	406	511
char	386	275	419	319
char	394	0	419	49
char	396	40	402	49
char	399	95	427	138
char	401	365	444	425
char	405	454	447	497
char	414	184	458	245
char	418	278	458	336
char	427	80	468	139
char	433	6	475	49
char	444	350	468	409
char	458	275	491	317
char	458	185	495	229
char	464	440	489	499
char	467	365	501	409
char	468	98	508	139
char	474	6	511	49
char	491	275	511	320
char	502	363	511	410
char	505	441	511	499
char	508	40	511	49
