line	0	0	511	67
line	0	90	511	155
line	0	179	511	244
line	0	268	511	333
line	0	357	179	423
line	0	366	6	366
line	0	445	511	511
word	0	446	24	511
word	0	357	179	423
word	0	281	64	321
word	0	192	14	231
word	0	102	14	141
word	0	0	112	67
word	40	103	72	155
word	42	179	204	244
word	51	459	82	497
word	90	268	147	333
word	102	90	373	155
word	108	459	179	511
word	137	0	311	67
word	174	281	205	320
word	200	445	309	497
word	229	193	262	229
word	232	268	339	319
word	288	179	511	231
word	332	445	511	511
word	332	0	353	51
word	359	268	446	319
word	373	0	511	65
word	403	90	511	141
word	472	281	511	320
char	0	455	14	511
char	0	363	15	411
char	0	276	30	322
char	0	187	16	235
char	0	97	16	145
char	0	1	36	57
char	3	361	8	370
char	14	441	26	500
char	17	364	55	413
char	30	276	66	325
char	36	98	74	159
char	36	9	75	71
char	38	174	50	233
char	47	454	84	501
char	54	364	92	426
char	54	186	80	233
char	74	9	114	56
char	78	174	90	234
char	86	263	98	322
char	92	366	129	410
char	92	185	131	235
char	98	277	137	337
char	98	98	154	144
char	104	454	143	511
char	129	364	165	413
char	132	190	169	248
char	133	9	159	55
char	137	263	149	322
char	143	456	181	511
char	157	85	169	144
char	159	9	182	55
char	162	352	181	427
char	169	187	206	234
char	169	98	208	159
char	170	276	207	324
char	180	9	217	71
char	196	454	235	500
char	208	85	244	145
char	221	1	258	57
char	225	188	264	233
char	228	276	264	323
char	234	440	260	500
char	242	85	260	159
char	253	457	290	500
char	258	10	313	55
char	264	85	301	144
char	266	275	302	323
char	271	46	276	55
char	279	10	285	19
char	284	174	321	234
char	290	442	311	501
char	300	85	335	144
char	304	263	341	322
char	306	10	311	19
char	319	187	357	235
char	328	454	362	501
char	328	0	355	55
char	340	85	375	144
char	355	276	412	322
char	357	187	396	235
char	360	441	378	511
char	369	9	407	69
char	380	453	418	501
char	381	494	386	503
char	399	174	437	235
char	399	85	437	145
char	407	1	431	57
char	411	263	448	323
char	417	442	438	501
char	427	0	454	55
char	438	455	476	501
char	439	187	475	233
char	439	97	494	144
char	451	1	463	55
char	468	276	508	324
char	468	1	502	55
char	475	188	511	233
char	478	440	511	500
char	498	98	511	145
char	503	1	511	55
