line	0	0	511	67
line	0	89	511	155
line	0	178	511	245
line	0	267	511	333
line	0	356	511	423
line	0	445	158	497
word	0	445	49	496
word	0	356	148	423
word	0	267	243	333
word	0	178	245	244
word	0	89	35	141
word	0	0	178	67
word	56	89	108	141
word	71	461	158	497
word	132	106	197	155
word	170	372	236	408
word	199	0	290	66
word	220	89	250	139
word	255	356	474	423
word	255	267	499	333
word	261	107	313	141
word	266	195	299	245
word	311	15	415	51
word	320	194	418	245
word	335	89	446	141
word	437	178	511	230
word	438	0	511	51
word	466	89	511	140
word	494	363	511	422
char	0	456	10	500
char	0	368	31	427
char	0	280	5	327
char	0	173	14	233
char	0	84	37	145
char	2	12	33	56
char	3	441	10	452
char	5	279	44	337
char	10	440	51	499
char	12	190	71	232
char	29	351	69	410
char	32	12	68	71
char	42	262	82	320
char	52	84	75	144
char	67	456	94	501
char	67	12	105	52
char	68	369	94	411
char	70	190	103	234
char	74	101	110	145
char	81	262	101	321
char	94	371	150	411
char	95	457	128	501
char	100	281	138	321
char	103	190	135	233
char	104	0	145	54
char	128	457	160	501
char	128	101	168	159
char	135	173	156	232
char	137	282	175	323
char	141	15	180	57
char	156	191	195	248
char	166	368	199	412
char	167	101	199	142
char	174	280	213	322
char	191	192	247	233
char	195	0	236	56
char	198	367	238	408
char	213	262	245	320
char	216	84	252	143
char	232	13	271	70
char	251	368	285	412
char	251	262	292	321
char	257	102	315	145
char	262	190	301	249
char	270	0	292	53
char	284	351	308	427
char	291	279	330	337
char	307	10	347	54
char	309	369	349	412
char	316	189	357	232
char	326	267	351	321
char	331	84	376	143
char	344	12	385	54
char	346	282	385	322
char	347	369	385	412
char	356	190	394	249
char	376	101	411	145
char	384	279	412	321
char	384	12	417	55
char	385	357	408	411
char	392	190	420	230
char	407	370	438	411
char	411	279	443	323
char	412	100	448	145
char	433	173	509	234
char	434	0	484	54
char	438	371	476	411
char	443	262	462	319
char	462	262	501	321
char	462	84	484	143
char	475	1	482	10
char	477	4	482	8
char	482	102	511	144
char	482	0	511	55
char	490	358	511	426
