line	0	5	511	72
line	0	94	511	160
line	0	182	278	233
line	0	270	511	336
line	0	358	511	424
line	0	445	511	511
word	0	445	57	511
word	0	358	379	424
word	0	270	80	336
word	0	187	12	233
word	0	109	5	145
word	0	5	197	71
word	27	94	161	160
word	32	182	111	233
word	80	462	166	511
word	100	287	239	336
word	133	182	231	232
word	181	112	216	144
word	185	446	222	496
word	208	22	269	57
word	235	94	318	159
word	242	446	346	511
word	251	198	278	233
word	261	275	280	321
word	293	6	511	72
word	300	270	379	321
word	341	94	511	160
word	371	446	511	511
word	398	358	472	408
word	398	275	418	321
word	436	270	511	320
word	489	376	511	409
char	0	458	5	500
char	0	371	10	413
char	0	282	18	325
char	0	191	14	237
char	0	182	14	198
char	0	104	7	149
char	0	1	27	75
char	4	440	27	511
char	9	353	48	412
char	17	265	41	340
char	23	105	57	149
char	28	177	67	237
char	28	17	56	61
char	31	457	59	501
char	41	281	82	339
char	46	370	83	427
char	54	21	93	75
char	57	106	94	164
char	64	184	88	236
char	76	457	116	511
char	83	353	104	412
char	88	195	113	236
char	91	1	131	58
char	94	105	124	148
char	96	283	138	340
char	103	370	139	427
char	112	460	168	498
char	124	89	163	148
char	126	21	166	60
char	129	177	171	236
char	137	282	172	322
char	139	353	179	411
char	166	197	204	236
char	166	5	199	60
char	171	283	210	324
char	172	283	177	292
char	177	353	210	413
char	177	107	218	148
char	181	441	224	500
char	203	370	228	412
char	204	193	233	236
char	204	19	245	60
char	210	282	241	325
char	228	353	267	413
char	231	107	273	163
char	238	441	277	501
char	245	17	271	61
char	247	193	280	237
char	257	270	282	325
char	263	353	301	412
char	273	105	299	147
char	274	460	326	499
char	289	1	311	60
char	296	265	319	324
char	299	89	320	148
char	301	353	323	412
char	309	19	368	60
char	316	283	342	324
char	322	353	343	412
char	325	441	348	511
char	337	106	375	164
char	341	373	381	428
char	341	285	381	325
char	367	459	409	511
char	367	18	398	61
char	375	89	394	148
char	392	89	430	148
char	394	371	433	412
char	394	270	420	325
char	398	17	435	60
char	408	458	439	498
char	430	109	467	149
char	432	353	474	412
char	432	265	511	324
char	434	21	472	76
char	439	441	460	499
char	460	441	493	500
char	463	19	468	28
char	466	89	506	148
char	471	1	511	58
char	485	371	511	413
char	493	441	511	511
char	503	107	511	148
