line	0	0	511	61
line	0	85	511	151
line	0	175	511	241
line	0	265	511	331
line	0	355	511	422
line	0	445	511	511
word	0	445	511	511
word	0	355	177	422
word	0	266	59	317
word	0	175	226	241
word	0	96	105	138
word	0	0	436	61
word	88	265	511	331
word	132	85	441	151
word	202	355	510	407
word	250	175	356	241
word	377	187	511	240
word	461	8	511	46
word	466	99	508	151
char	0	454	19	511
char	0	271	19	321
char	0	91	23	142
char	0	3	18	54
char	1	363	44	425
char	1	261	10	276
char	2	183	42	245
char	18	3	61	65
char	19	453	80	500
char	21	273	61	320
char	25	92	65	140
char	41	184	84	230
char	42	364	83	426
char	64	0	105	51
char	67	92	107	142
char	79	454	120	511
char	83	363	121	410
char	84	260	125	320
char	85	170	102	230
char	105	170	121	230
char	105	3	146	64
char	119	454	160	498
char	121	363	162	411
char	121	183	164	230
char	125	260	164	320
char	128	91	170	154
char	148	3	208	50
char	159	440	188	500
char	162	184	203	230
char	163	350	179	410
char	165	271	206	322
char	170	93	214	141
char	184	453	223	501
char	198	363	242	411
char	202	171	228	231
char	206	273	245	321
char	208	4	250	65
char	214	93	250	141
char	223	440	265	501
char	243	350	284	411
char	246	183	288	245
char	248	260	264	320
char	249	80	270	155
char	250	0	290	51
char	265	272	305	321
char	269	453	308	501
char	269	80	291	155
char	286	363	326	411
char	290	3	350	50
char	291	170	331	231
char	292	93	333	143
char	306	273	346	322
char	312	440	354	501
char	327	362	368	411
char	330	170	358	230
char	336	80	375	140
char	346	273	387	334
char	350	0	380	50
char	354	453	394	501
char	368	362	407	411
char	373	182	415	244
char	378	2	419	64
char	379	80	395	140
char	387	273	429	335
char	393	456	435	500
char	399	93	422	140
char	409	362	449	410
char	419	183	448	231
char	420	80	443	155
char	421	0	438	50
char	426	260	456	320
char	436	440	475	500
char	448	184	486	231
char	450	350	478	411
char	454	273	511	320
char	457	3	511	50
char	462	94	505	155
char	475	440	505	500
char	477	363	507	411
char	488	183	511	232
char	505	441	511	500
