line	0	0	511	62
line	0	84	511	151
line	0	174	511	241
line	0	265	511	331
line	511	271	511	273
line	0	354	511	422
line	0	445	511	497
word	0	445	142	497
word	0	354	127	407
word	0	278	59	316
word	0	187	83	240
word	0	85	236	151
word	0	0	123	62
word	80	278	114	317
word	108	175	482	241
word	142	265	234	331
word	147	0	511	61
word	148	355	208	422
word	167	445	511	497
word	230	355	511	422
word	262	265	511	331
word	265	85	399	137
word	423	84	483	137
word	506	174	511	227
word	510	90	511	137
char	0	453	20	500
char	0	350	21	411
char	0	273	61	320
char	0	183	43	232
char	0	91	19	141
char	0	0	17	66
char	20	452	59	501
char	20	92	63	141
char	21	3	81	50
char	23	349	65	411
char	43	182	85	244
char	59	453	98	501
char	63	92	106	155
char	69	350	85	410
char	76	273	116	321
char	85	0	125	50
char	89	350	129	411
char	100	440	116	500
char	104	183	147	245
char	105	80	149	155
char	116	440	144	501
char	138	273	180	334
char	143	0	186	52
char	144	350	176	411
char	147	182	189	245
char	153	80	195	141
char	163	452	224	500
char	169	364	210	426
char	180	274	215	335
char	186	3	223	51
char	187	171	215	231
char	195	91	238	155
char	214	260	236	335
char	215	183	254	231
char	221	0	244	65
char	226	364	270	411
char	228	440	270	501
char	246	3	289	64
char	258	273	298	321
char	259	170	275	230
char	261	80	302	140
char	271	364	310	411
char	272	440	311	500
char	276	183	317	232
char	288	4	350	51
char	298	260	341	322
char	302	94	363	141
char	313	440	356	501
char	314	350	356	411
char	316	186	357	229
char	343	271	385	334
char	349	3	387	51
char	356	350	399	411
char	358	183	387	230
char	359	453	419	500
char	362	92	401	141
char	383	183	424	230
char	384	274	427	335
char	387	4	427	65
char	397	364	440	426
char	419	79	451	140
char	421	453	461	501
char	423	184	484	230
char	427	273	466	321
char	428	0	468	51
char	440	363	480	424
char	446	93	485	141
char	463	440	504	501
char	468	3	511	50
char	470	270	511	320
char	484	363	511	412
char	502	169	511	231
char	506	441	511	500
char	506	90	511	141
char	506	85	511	97
char	507	266	511	277
