line	0	1	215	53
line	0	89	511	154
line	0	179	511	245
line	0	268	511	334
line	0	356	511	423
line	0	446	511	510
word	0	446	13	496
word	0	356	199	422
word	0	270	13	318
word	0	179	139	244
word	0	90	64	140
word	0	0	215	53
word	38	446	243	511
word	38	268	189	334
word	93	90	389	154
word	162	191	271	244
word	215	281	272	320
word	227	356	386	422
word	268	458	288	496
word	294	281	360	319
word	296	179	412	244
word	310	446	511	511
word	388	281	479	332
word	411	89	511	140
word	414	369	511	423
word	435	192	511	245
word	502	281	511	333
char	0	441	15	500
char	0	366	14	412
char	0	265	15	322
char	0	187	14	248
char	0	98	31	144
char	0	9	15	57
char	13	351	50	412
char	14	1	52	56
char	16	187	54	236
char	31	85	66	144
char	34	454	72	510
char	34	276	74	338
char	52	12	90	55
char	53	190	89	232
char	54	365	90	413
char	73	263	109	322
char	74	441	110	500
char	89	174	101	233
char	89	98	127	158
char	90	352	126	426
char	90	1	126	55
char	101	187	141	233
char	113	263	151	323
char	114	454	149	501
char	125	9	163	57
char	127	98	167	145
char	130	352	167	412
char	144	9	149	18
char	151	441	189	501
char	151	276	191	323
char	158	186	198	235
char	165	10	201	56
char	166	365	201	411
char	169	85	206	144
char	193	441	205	500
char	198	187	234	235
char	205	454	245	500
char	205	98	243	158
char	205	2	217	55
char	211	276	249	324
char	223	364	256	412
char	234	190	273	248
char	244	98	301	144
char	249	276	274	322
char	254	351	273	426
char	264	453	290	500
char	275	365	313	413
char	290	276	326	323
char	292	174	329	233
char	300	99	356	144
char	306	454	346	501
char	313	365	348	411
char	326	276	362	323
char	327	174	339	233
char	339	187	377	233
char	348	454	403	500
char	352	364	388	411
char	356	85	391	144
char	377	188	414	248
char	384	276	439	322
char	407	441	443	500
char	407	98	461	144
char	410	365	448	427
char	431	187	470	248
char	443	276	481	336
char	447	454	482	500
char	449	364	486	413
char	459	98	498	144
char	470	188	509	249
char	484	441	511	510
char	486	364	511	413
char	497	84	510	144
char	498	276	511	337
char	505	498	510	507
