line	0	0	511	61
line	0	84	511	151
line	0	175	13	183
line	0	185	119	229
line	0	265	511	318
line	0	355	511	422
line	0	445	511	498
word	0	445	146	497
word	0	367	13	407
word	0	265	492	318
word	0	175	119	229
word	0	85	362	138
word	0	8	13	46
word	13	445	13	445
word	39	8	69	47
word	40	355	254	421
word	97	0	182	61
word	176	445	262	497
word	207	0	255	60
word	276	355	501	422
word	283	0	511	61
word	292	458	453	498
word	371	418	371	418
word	385	86	467	151
word	478	459	511	497
word	492	84	511	137
char	0	451	17	501
char	0	362	15	411
char	0	260	38	321
char	0	180	17	233
char	0	93	16	141
char	0	3	15	50
char	1	180	7	189
char	2	170	15	187
char	3	81	8	91
char	6	81	14	94
char	9	440	14	449
char	15	80	27	140
char	16	265	21	274
char	16	260	21	269
char	17	183	57	232
char	20	440	31	500
char	20	261	25	270
char	28	80	67	141
char	35	3	71	51
char	36	440	72	500
char	36	350	60	411
char	38	276	76	322
char	57	183	94	231
char	59	350	111	425
char	71	454	109	501
char	71	93	97	140
char	76	260	114	321
char	93	3	131	51
char	96	183	121	230
char	96	93	152	140
char	112	440	148	500
char	112	350	137	411
char	118	260	131	320
char	131	0	144	50
char	132	260	171	321
char	133	350	160	410
char	144	3	184	65
char	155	80	168	140
char	156	350	167	410
char	168	80	192	141
char	169	363	206	411
char	172	440	210	501
char	175	260	211	320
char	191	94	229	141
char	203	0	215	50
char	206	364	240	413
char	209	412	217	421
char	212	440	250	501
char	215	260	286	320
char	217	412	222	421
char	219	3	257	64
char	220	412	228	422
char	229	415	238	424
char	230	93	268	142
char	235	350	256	425
char	252	440	264	500
char	267	95	303	140
char	272	350	292	425
char	279	0	317	51
char	284	274	322	320
char	286	274	291	283
char	288	453	324	500
char	296	350	308	410
char	303	80	340	141
char	310	363	349	425
char	317	3	355	65
char	322	273	360	321
char	326	453	367	501
char	340	80	364	141
char	350	363	388	412
char	353	412	359	421
char	354	0	372	65
char	361	276	399	320
char	367	454	420	498
char	367	413	372	422
char	376	3	414	64
char	381	93	420	155
char	387	366	425	426
char	399	273	455	320
char	413	3	452	65
char	420	453	455	502
char	424	92	447	140
char	425	363	463	425
char	443	81	469	141
char	453	3	493	65
char	458	273	494	321
char	465	350	503	411
char	474	454	511	501
char	488	79	511	141
char	493	0	511	50
