line	0	0	511	67
line	0	90	511	155
line	499	91	511	95
line	0	179	511	245
line	0	268	511	333
line	0	356	511	423
line	0	445	511	510
line	0	500	2	500
line	0	508	7	510
word	0	508	7	511
word	0	460	13	500
word	0	369	153	423
word	0	270	68	333
word	0	179	139	244
word	0	104	13	155
word	0	13	74	66
word	38	446	68	497
word	38	90	222	141
word	89	445	511	511
word	89	281	175	332
word	100	0	334	66
word	162	191	236	232
word	173	357	324	421
word	201	268	294	320
word	252	90	283	140
word	262	191	452	245
word	306	102	511	155
word	319	268	478	333
word	352	357	441	408
word	357	0	511	67
word	463	356	511	422
word	474	193	511	245
word	499	91	511	95
word	502	268	511	319
char	0	455	15	502
char	0	364	14	426
char	0	276	14	337
char	0	186	13	234
char	0	99	15	159
char	0	8	36	57
char	1	503	9	510
char	2	495	4	504
char	12	265	35	322
char	13	187	52	235
char	16	364	55	427
char	34	441	46	500
char	34	277	70	324
char	34	85	70	144
char	38	9	76	70
char	46	441	70	501
char	52	190	89	232
char	56	364	93	413
char	74	98	130	144
char	83	188	88	197
char	85	455	125	500
char	85	276	141	322
char	89	174	101	233
char	93	368	130	426
char	96	9	136	57
char	101	187	141	248
char	122	455	176	500
char	129	364	155	411
char	130	86	153	145
char	136	10	173	55
char	141	276	177	336
char	153	85	189	144
char	158	186	198	235
char	169	366	208	412
char	173	440	247	500
char	173	9	211	70
char	188	85	224	145
char	197	264	221	324
char	198	187	238	236
char	208	352	244	413
char	213	9	247	56
char	221	276	256	323
char	246	454	281	501
char	247	0	264	70
char	248	352	286	413
char	248	85	285	144
char	258	263	296	323
char	258	187	296	249
char	262	1	280	70
char	280	9	336	55
char	282	455	318	500
char	288	365	326	425
char	300	187	356	234
char	302	98	342	145
char	315	276	355	322
char	318	454	356	501
char	342	100	379	142
char	348	352	384	412
char	353	9	393	57
char	355	455	409	500
char	355	276	386	324
char	359	186	414	233
char	379	98	417	158
char	383	366	421	412
char	385	263	402	337
char	395	10	431	57
char	404	276	440	324
char	409	454	443	501
char	415	188	454	248
char	416	98	456	146
char	421	353	443	412
char	435	9	470	70
char	442	263	480	323
char	445	441	457	500
char	456	100	494	159
char	459	453	497	510
char	459	365	499	426
char	468	1	486	71
char	470	188	511	249
char	490	7	511	55
char	494	97	511	145
char	495	86	511	99
char	496	351	511	411
char	498	263	511	323
char	501	440	511	500
