line	0	0	511	61
line	0	85	118	137
line	0	144	14	145
line	0	147	15	150
line	0	174	511	241
line	0	265	270	331
line	0	354	511	422
line	0	444	511	511
word	0	445	204	496
word	0	355	229	421
word	0	265	270	331
word	0	189	128	241
word	0	144	15	150
word	0	98	15	137
word	0	0	123	46
word	4	0	11	3
word	40	85	69	135
word	86	100	118	135
word	141	0	511	61
word	152	175	263	225
word	225	444	254	495
word	247	354	435	422
word	271	445	511	511
word	287	174	406	241
word	435	189	464	226
word	457	370	487	405
word	485	190	511	226
word	509	369	511	407
char	0	455	6	499
char	0	364	15	425
char	0	260	37	319
char	0	185	15	230
char	0	93	17	141
char	0	4	15	49
char	2	145	5	154
char	2	142	17	154
char	5	455	40	499
char	5	1	13	7
char	11	139	16	149
char	15	365	48	407
char	15	186	56	229
char	15	5	48	49
char	36	80	71	139
char	37	260	79	319
char	40	458	78	497
char	48	368	105	410
char	49	0	93	49
char	57	184	91	230
char	78	454	106	499
char	79	260	125	319
char	82	95	120	139
char	91	185	130	245
char	92	7	125	50
char	105	366	145	409
char	106	440	148	500
char	123	276	165	319
char	137	0	164	65
char	146	366	188	409
char	148	458	206	499
char	148	185	186	229
char	165	275	229	319
char	167	5	207	50
char	186	170	230	229
char	187	350	231	409
char	207	6	249	49
char	221	439	256	499
char	229	275	272	335
char	230	186	265	229
char	243	349	271	426
char	249	0	293	49
char	267	440	311	499
char	274	350	319	409
char	283	172	312	230
char	292	5	326	49
char	311	440	344	498
char	312	186	350	229
char	318	350	362	409
char	325	400	330	409
char	325	5	363	65
char	335	456	377	511
char	350	185	384	230
char	360	350	401	410
char	362	0	388	65
char	377	458	416	498
char	383	169	408	245
char	389	5	433	65
char	401	365	437	409
char	415	455	457	511
char	431	184	466	230
char	433	5	477	49
char	453	365	489	409
char	457	455	499	511
char	477	6	511	50
char	481	185	511	230
char	499	455	511	500
char	505	364	511	411
