line	0	0	167	51
line	0	94	511	155
line	0	178	511	245
line	0	267	511	334
line	0	355	511	423
line	0	445	511	511
word	0	445	364	511
word	0	355	511	423
word	0	284	31	334
word	0	193	29	229
word	0	94	449	155
word	0	0	167	51
word	50	178	67	229
word	53	284	83	319
word	82	178	102	245
word	102	282	136	334
word	127	178	314	230
word	157	267	511	334
word	328	178	511	245
word	384	451	471	496
word	468	107	511	155
word	483	445	511	511
char	0	457	32	511
char	0	369	5	411
char	0	279	33	338
char	0	188	31	233
char	0	101	20	143
char	0	12	51	54
char	1	353	4	362
char	3	350	28	427
char	19	104	56	143
char	28	367	68	427
char	30	440	69	499
char	46	173	69	233
char	49	279	85	323
char	50	0	89	54
char	56	102	94	144
char	67	446	91	500
char	68	367	108	427
char	78	173	104	249
char	86	460	126	500
char	88	1	111	55
char	92	102	146	144
char	98	277	138	338
char	106	351	126	410
char	110	0	147	55
char	123	178	149	234
char	126	457	157	500
char	126	369	159	411
char	146	192	184	233
char	146	101	170	141
char	146	1	169	55
char	153	278	193	337
char	157	440	177	497
char	158	370	196	409
char	170	101	207	159
char	176	440	215	499
char	182	174	223	231
char	192	282	230	319
char	196	351	234	412
char	207	101	264	141
char	213	457	271	499
char	219	173	257	233
char	231	279	266	323
char	234	370	264	411
char	256	190	316	231
char	263	104	319	145
char	264	368	323	409
char	265	262	303	322
char	268	457	328	499
char	303	282	340	322
char	318	100	356	159
char	321	351	359	412
char	324	173	349	249
char	327	457	366	499
char	339	262	376	323
char	349	188	390	249
char	352	102	392	144
char	353	102	359	111
char	357	370	395	426
char	377	279	416	338
char	380	458	422	500
char	388	173	426	233
char	390	103	428	144
char	394	371	431	412
char	416	262	449	319
char	422	456	448	500
char	426	173	448	232
char	427	89	451	145
char	430	368	469	427
char	437	279	475	337
char	446	193	484	233
char	448	446	473	500
char	464	102	506	159
char	469	367	497	412
char	475	279	503	322
char	479	440	504	511
char	483	191	511	249
char	497	367	511	413
char	498	407	511	425
char	503	263	511	321
char	504	456	511	501
char	505	104	511	141
