line	0	0	511	67
line	0	90	511	155
line	0	179	511	245
line	0	268	511	332
line	0	356	511	422
line	0	445	511	511
word	0	459	13	511
word	0	357	168	422
word	0	268	258	332
word	0	179	108	244
word	0	90	71	140
word	0	0	145	65
word	42	445	511	511
word	101	103	131	140
word	135	191	209	243
word	160	90	511	155
word	171	14	205	53
word	197	356	324	409
word	231	14	263	67
word	235	179	511	245
word	284	268	490	320
word	291	0	454	53
word	352	357	477	422
word	480	13	511	53
word	503	370	511	407
char	0	454	15	511
char	0	365	15	412
char	0	276	34	322
char	0	188	17	235
char	0	97	34	144
char	0	9	28	57
char	16	364	52	413
char	17	187	56	235
char	29	8	68	57
char	30	7	36	16
char	38	441	75	500
char	38	276	76	336
char	38	85	73	144
char	53	365	92	413
char	56	187	93	235
char	70	1	108	57
char	74	455	112	503
char	76	276	112	323
char	92	352	130	413
char	92	174	110	248
char	97	98	133	144
char	110	9	147	69
char	112	454	150	511
char	114	276	170	322
char	131	186	170	247
char	132	365	170	426
char	151	440	189	501
char	156	98	193	145
char	167	9	207	57
char	171	187	211	236
char	173	263	185	322
char	186	276	223	323
char	191	454	229	510
char	193	352	229	411
char	195	85	233	146
char	223	279	260	320
char	227	9	265	71
char	229	455	268	500
char	229	351	256	411
char	231	187	271	235
char	233	98	272	159
char	253	365	289	413
char	268	441	306	501
char	272	98	308	158
char	273	188	308	235
char	280	276	336	322
char	287	9	324	57
char	289	352	326	413
char	305	455	358	500
char	309	98	348	159
char	310	187	348	247
char	325	9	360	55
char	336	277	375	322
char	348	365	386	426
char	348	187	387	249
char	349	98	385	146
char	357	455	395	500
char	360	0	387	55
char	375	276	410	323
char	383	10	420	57
char	385	188	424	231
char	385	99	438	144
char	388	352	424	411
char	395	454	419	500
char	412	263	450	324
char	416	456	454	511
char	420	1	456	55
char	423	187	478	233
char	428	352	440	412
char	436	86	459	145
char	441	364	479	413
char	452	442	474	501
char	452	276	492	324
char	457	85	494	145
char	474	454	511	500
char	476	8	511	57
char	479	174	511	235
char	498	98	511	145
char	499	365	511	411
