line	0	0	358	61
line	0	85	511	150
line	0	175	511	241
line	509	231	511	242
line	0	265	511	331
line	0	355	511	421
line	0	445	511	497
word	0	445	312	497
word	0	355	213	407
word	0	265	125	317
word	0	175	286	241
word	0	85	192	139
word	0	0	89	61
word	116	0	358	61
word	141	265	274	331
word	220	85	266	136
word	236	355	242	406
word	270	368	304	407
word	292	85	430	150
word	296	279	329	330
word	316	175	511	242
word	328	368	397	421
word	338	458	370	497
word	359	265	490	331
word	396	445	468	497
word	409	355	414	406
word	444	367	511	407
word	460	98	511	150
word	497	458	511	496
char	0	453	31	500
char	0	361	15	410
char	0	273	13	321
char	0	183	15	231
char	0	93	35	140
char	0	3	35	50
char	1	350	14	366
char	8	360	13	369
char	15	364	56	410
char	15	273	72	320
char	17	183	53	232
char	30	454	65	501
char	37	3	74	64
char	39	93	75	140
char	53	183	93	232
char	55	350	92	410
char	65	456	103	499
char	72	0	91	65
char	76	260	87	320
char	79	80	117	142
char	87	273	127	320
char	91	350	127	411
char	94	184	131	229
char	102	440	139	501
char	112	3	151	65
char	117	93	157	143
char	127	350	154	410
char	131	183	169	232
char	137	260	159	335
char	143	440	155	500
char	151	0	187	50
char	152	350	187	410
char	152	350	161	359
char	156	453	197	501
char	157	93	194	141
char	159	274	199	320
char	169	183	208	245
char	187	350	215	410
char	190	0	227	50
char	199	453	235	500
char	199	273	234	320
char	209	183	249	231
char	216	80	228	140
char	228	94	268	140
char	232	350	244	410
char	232	4	267	51
char	239	440	276	500
char	239	260	276	320
char	252	170	288	230
char	266	363	306	411
char	269	3	306	52
char	275	454	314	501
char	288	80	300	140
char	292	274	331	334
char	301	93	342	141
char	308	0	344	50
char	312	183	351	244
char	324	364	364	425
char	334	453	372	501
char	341	94	396	140
char	346	0	360	50
char	350	184	388	229
char	355	260	393	321
char	360	131	370	140
char	365	363	399	410
char	388	170	400	230
char	392	454	428	501
char	392	260	419	320
char	395	93	432	154
char	400	183	439	230
char	405	350	416	410
char	417	260	454	322
char	432	440	470	501
char	438	170	511	233
char	440	363	476	410
char	454	274	492	335
char	456	274	461	283
char	456	93	494	154
char	480	362	511	411
char	493	453	511	500
char	496	94	511	142
char	505	226	511	246
