line	0	6	511	71
line	0	7	16	7
line	500	9	511	10
line	0	9	19	9
line	501	14	511	14
line	0	94	511	160
line	0	182	511	247
line	0	270	511	335
line	0	358	511	423
line	0	445	511	511
word	0	358	180	423
word	0	271	115	321
word	0	182	133	247
word	0	94	118	160
word	0	17	20	60
word	13	7	19	9
word	20	445	165	497
word	46	18	126	70
word	139	271	298	335
word	142	94	164	145
word	153	6	311	71
word	162	182	293	247
word	187	107	283	159
word	189	459	223	497
word	209	371	262	408
word	249	446	372	511
word	289	372	323	409
word	304	95	511	158
word	320	194	354	233
word	323	270	511	335
word	338	18	372	57
word	348	371	488	423
word	378	195	511	247
word	391	6	408	71
word	399	446	511	511
word	438	9	511	57
char	0	366	39	412
char	0	279	36	325
char	0	177	16	251
char	0	102	20	164
char	0	12	22	64
char	9	2	14	11
char	12	4	21	13
char	13	2	18	11
char	16	440	46	500
char	16	190	77	236
char	19	103	81	148
char	35	279	93	324
char	42	13	83	74
char	44	455	84	501
char	44	353	59	412
char	58	366	100	427
char	76	190	135	236
char	80	89	120	148
char	84	455	126	499
char	84	13	128	62
char	90	266	117	325
char	100	367	141	413
char	126	441	167	501
char	135	278	176	338
char	138	89	166	149
char	141	354	182	413
char	149	14	189	61
char	158	177	212	251
char	178	278	238	324
char	183	102	224	163
char	185	454	225	501
char	190	1	232	61
char	205	366	264	412
char	212	190	255	236
char	224	103	285	148
char	232	14	273	75
char	239	266	300	339
char	245	454	287	511
char	255	177	295	237
char	274	14	313	61
char	285	367	325	413
char	287	441	330	501
char	300	90	327	149
char	316	189	356	237
char	319	266	403	325
char	327	103	366	162
char	331	453	374	501
char	334	13	374	61
char	344	366	385	427
char	369	102	429	148
char	374	190	413	237
char	385	367	426	427
char	387	1	410	75
char	395	453	437	510
char	403	279	443	338
char	412	279	417	288
char	413	193	451	251
char	427	366	455	412
char	432	103	471	149
char	434	13	494	60
char	439	441	479	500
char	443	191	449	200
char	446	265	485	324
char	446	191	451	200
char	450	190	490	251
char	452	367	490	413
char	472	102	510	149
char	479	454	511	500
char	483	280	511	339
char	491	190	511	238
char	495	12	511	61
char	496	4	504	14
char	497	9	502	18
