line	0	4	511	70
line	0	94	511	159
line	0	182	511	248
line	0	270	511	335
line	0	371	17	423
line	0	446	511	511
word	0	446	123	511
word	0	371	17	423
word	0	270	226	335
word	0	182	332	248
word	0	94	442	159
word	0	6	309	70
word	146	446	395	511
word	253	270	345	320
word	335	5	370	57
word	358	182	511	247
word	374	270	511	335
word	397	2	511	57
word	422	446	511	497
word	466	107	511	158
char	0	454	17	501
char	0	366	19	427
char	0	278	20	339
char	0	190	20	252
char	0	103	34	149
char	0	13	8	61
char	8	13	46	61
char	16	455	57	511
char	21	190	64	237
char	22	277	63	338
char	32	89	54	163
char	47	13	88	74
char	57	441	96	500
char	59	103	98	148
char	65	277	107	338
char	66	177	106	236
char	89	13	128	61
char	96	454	125	500
char	101	102	160	148
char	105	178	133	237
char	110	265	126	324
char	125	278	187	324
char	127	14	166	61
char	131	191	168	237
char	142	454	170	500
char	164	89	203	148
char	166	2	192	61
char	169	455	207	501
char	169	190	211	250
char	186	277	228	325
char	190	15	228	61
char	203	103	244	148
char	206	441	247	511
char	210	178	294	237
char	228	15	269	59
char	243	103	284	148
char	249	265	289	324
char	251	441	290	500
char	270	1	311	61
char	284	89	300	148
char	289	277	327	324
char	290	455	331	501
char	293	192	334	238
char	303	102	363	148
char	330	441	359	499
char	331	5	372	61
char	332	265	347	324
char	354	190	393	237
char	357	456	397	501
char	362	103	403	148
char	370	277	411	338
char	392	177	414	251
char	393	13	433	61
char	402	103	444	148
char	411	279	451	339
char	417	190	477	236
char	418	442	458	501
char	432	14	471	61
char	452	277	491	324
char	458	455	496	501
char	462	102	505	162
char	471	4	511	61
char	480	190	511	251
char	491	265	511	324
char	496	441	511	501
char	506	102	511	148
