line	0	6	511	72
line	0	64	8	71
line	0	94	511	159
line	0	182	511	248
line	0	270	511	335
line	0	358	511	424
line	0	446	511	511
word	0	472	2	472
word	0	374	27	423
word	0	182	48	235
word	0	94	334	159
word	0	22	121	71
word	14	446	511	511
word	14	270	378	335
word	50	358	156	409
word	68	199	138	247
word	136	6	511	72
word	158	182	450	248
word	178	374	315	424
word	337	358	511	424
word	353	110	511	159
word	398	270	511	335
word	471	198	511	232
char	0	369	29	427
char	0	230	2	239
char	0	194	10	237
char	0	105	13	163
char	0	63	5	75
char	0	54	2	63
char	0	18	11	62
char	1	230	6	239
char	2	467	4	476
char	2	59	10	75
char	3	230	8	239
char	9	177	50	236
char	10	459	64	500
char	10	271	35	325
char	10	21	65	60
char	12	106	46	146
char	32	285	69	325
char	46	353	86	413
char	46	105	79	148
char	59	19	64	28
char	64	459	103	511
char	64	194	104	251
char	64	17	95	60
char	69	270	91	324
char	78	89	117	146
char	82	373	119	412
char	88	285	128	339
char	96	17	123	60
char	100	197	140	236
char	100	195	106	204
char	101	441	138	498
char	114	107	140	148
char	118	370	158	410
char	121	195	127	204
char	126	282	164	322
char	132	1	158	76
char	137	441	174	500
char	139	109	176	148
char	154	194	213	236
char	159	19	198	61
char	163	265	202	325
char	173	458	211	511
char	174	369	212	427
char	175	89	215	148
char	197	1	235	60
char	201	284	231	325
char	210	458	249	498
char	211	197	266	236
char	212	370	246	410
char	215	107	240	148
char	230	282	257	324
char	233	18	271	75
char	240	89	277	148
char	246	370	279	413
char	248	441	286	501
char	257	282	282	325
char	264	177	300	236
char	270	7	293	60
char	276	107	336	148
char	280	370	317	428
char	280	265	304	339
char	286	441	308	498
char	287	4	292	13
char	293	19	323	61
char	300	177	338	236
char	305	283	345	325
char	307	442	346	500
char	309	441	317	450
char	323	1	361	60
char	333	370	366	412
char	337	197	376	252
char	345	441	365	500
char	345	282	380	324
char	349	107	390	149
char	359	19	417	59
char	365	459	400	501
char	365	353	419	428
char	374	181	397	236
char	389	106	422	148
char	393	194	432	235
char	394	282	428	324
char	400	441	437	500
char	417	18	454	75
char	421	106	456	149
char	422	370	491	413
char	427	282	459	325
char	432	177	452	236
char	436	461	468	511
char	453	18	484	60
char	456	105	495	163
char	457	265	497	323
char	467	441	491	511
char	467	193	508	236
char	483	1	511	59
char	490	371	511	413
char	491	457	511	501
char	492	106	511	146
char	495	282	511	339
char	496	151	504	163
char	506	194	511	235
