line	0	0	511	61
line	0	85	511	151
line	0	175	511	241
line	0	265	511	330
line	0	355	511	421
line	0	445	511	511
word	0	458	35	511
word	0	355	491	421
word	0	278	33	316
word	0	175	511	241
word	0	98	83	137
word	0	0	109	48
word	59	445	89	496
word	59	278	128	316
word	111	85	354	151
word	117	459	152	497
word	140	0	390	61
word	155	265	511	330
word	177	445	242	497
word	270	445	443	511
word	384	85	511	137
word	420	0	511	61
word	473	458	511	511
char	0	363	37	413
char	0	273	35	320
char	0	170	15	231
char	0	93	51	140
char	0	4	15	51
char	2	453	37	510
char	14	183	52	245
char	17	3	57	52
char	37	350	61	411
char	50	93	85	141
char	51	170	111	230
char	55	440	91	500
char	55	274	95	320
char	59	350	72	411
char	59	0	72	50
char	73	363	110	412
char	75	3	111	52
char	95	273	130	320
char	107	80	143	140
char	110	364	148	411
char	111	183	147	244
char	113	454	154	501
char	136	0	148	50
char	145	93	185	141
char	148	364	184	411
char	149	3	186	51
char	151	273	206	320
char	151	170	238	230
char	173	453	210	501
char	184	364	224	410
char	186	93	226	141
char	186	3	224	65
char	204	260	279	320
char	210	440	235	498
char	223	276	228	285
char	224	350	261	410
char	226	93	264	155
char	226	3	262	53
char	234	440	244	500
char	236	183	275	230
char	250	274	257	283
char	261	364	296	411
char	262	4	316	50
char	264	94	320	140
char	266	453	304	511
char	276	170	287	230
char	280	273	303	320
char	288	183	326	230
char	298	363	338	412
char	299	260	323	321
char	306	453	347	503
char	316	0	354	52
char	319	80	356	141
char	323	260	361	322
char	324	184	364	230
char	338	363	378	412
char	345	440	372	500
char	356	3	392	51
char	361	273	401	321
char	363	170	399	231
char	368	455	405	511
char	378	350	416	412
char	380	80	416	140
char	399	183	455	230
char	403	273	441	334
char	407	440	445	501
char	416	3	453	51
char	418	93	457	141
char	421	350	457	411
char	444	260	481	320
char	453	170	487	245
char	456	94	494	141
char	456	0	493	50
char	457	365	493	425
char	469	453	508	510
char	470	170	478	179
char	478	276	511	320
char	489	183	511	232
char	491	4	511	65
char	495	94	511	141
char	507	453	511	477
char	508	470	511	486
