line	0	7	511	71
line	0	95	511	159
line	0	182	511	247
line	0	271	511	335
line	0	358	511	424
line	0	446	511	511
word	0	374	41	408
word	0	286	48	320
word	0	182	435	247
word	0	95	98	143
word	0	7	81	57
word	23	447	92	496
word	63	358	154	424
word	71	271	170	335
word	104	7	307	57
word	116	446	483	511
word	120	109	265	159
word	176	358	511	423
word	192	286	228	320
word	250	271	343	320
word	287	108	443	144
word	327	22	363	56
word	368	284	441	335
word	383	22	419	71
word	441	7	511	71
word	459	182	511	247
word	464	285	511	335
word	466	95	511	144
word	506	446	511	496
char	0	370	5	411
char	0	281	9	324
char	0	178	16	235
char	0	103	17	147
char	0	16	12	61
char	4	369	43	412
char	10	281	50	324
char	13	15	42	60
char	15	177	38	233
char	17	226	23	235
char	17	104	59	147
char	19	455	53	500
char	21	226	26	235
char	23	226	28	235
char	31	226	36	235
char	37	193	72	236
char	42	2	83	59
char	53	442	94	500
char	59	369	95	411
char	59	90	100	147
char	67	279	109	339
char	73	192	115	235
char	92	226	97	235
char	93	353	119	428
char	98	226	103	235
char	100	226	105	235
char	100	3	128	60
char	109	266	132	322
char	112	457	154	500
char	115	191	148	236
char	116	104	175	148
char	121	367	156	412
char	127	2	149	59
char	132	282	172	324
char	142	50	147	59
char	148	178	189	233
char	148	17	181	59
char	154	442	193	499
char	172	355	200	412
char	172	105	227	148
char	181	3	207	60
char	188	281	230	324
char	189	178	230	235
char	191	441	217	511
char	200	353	232	409
char	207	17	239	59
char	219	456	254	499
char	224	371	265	412
char	226	105	267	163
char	231	192	273	251
char	238	15	273	60
char	246	280	283	324
char	254	441	275	499
char	265	356	291	412
char	273	191	306	236
char	274	457	315	511
char	274	15	309	61
char	283	266	306	323
char	283	103	321	148
char	291	369	324	410
char	305	266	345	324
char	306	191	367	235
char	315	443	342	500
char	321	104	383	145
char	323	367	361	427
char	323	17	365	60
char	342	457	403	499
char	360	353	382	409
char	364	279	403	339
char	368	191	401	236
char	379	17	421	75
char	383	369	419	412
char	383	104	445	147
char	389	490	397	499
char	401	192	437	236
char	403	456	445	511
char	403	280	443	321
char	419	368	460	427
char	437	16	476	75
char	445	457	485	500
char	455	177	511	251
char	460	281	501	339
char	461	368	493	412
char	462	103	497	147
char	476	2	511	60
char	477	51	482	60
char	493	370	511	411
char	497	90	511	148
char	500	280	511	324
char	502	441	511	500
