line	0	6	511	71
line	0	94	511	159
line	0	182	511	247
line	0	270	511	335
line	0	358	511	424
line	0	446	511	511
word	0	446	76	511
word	0	370	18	422
word	0	270	190	321
word	0	196	16	233
word	0	95	182	158
word	0	6	480	71
word	43	195	76	232
word	47	358	386	424
word	105	447	291	511
word	105	195	128	232
word	149	195	204	232
word	209	94	470	159
word	216	270	511	335
word	228	182	283	233
word	310	182	511	247
word	319	446	511	511
word	415	370	450	422
word	475	371	511	409
word	495	95	511	146
word	503	507	507	507
word	504	19	511	71
char	0	454	20	510
char	0	365	20	426
char	0	277	40	325
char	0	191	18	237
char	0	103	40	162
char	0	14	19	61
char	21	455	61	501
char	21	14	61	61
char	39	190	78	236
char	40	102	80	149
char	41	277	81	325
char	43	366	84	426
char	61	14	102	75
char	62	441	78	500
char	82	102	123	162
char	83	265	122	324
char	84	366	126	428
char	101	442	141	500
char	101	190	130	236
char	105	1	144	60
char	124	277	167	325
char	125	90	140	148
char	128	366	166	413
char	142	90	184	149
char	144	442	185	501
char	144	1	178	60
char	145	190	206	236
char	165	354	186	427
char	166	266	192	325
char	168	15	210	60
char	184	442	211	501
char	184	353	206	427
char	205	102	246	162
char	209	14	269	60
char	210	366	252	426
char	211	455	249	500
char	212	265	227	324
char	224	177	240	236
char	231	277	273	338
char	242	190	285	237
char	249	102	290	162
char	251	454	293	511
char	251	367	311	412
char	272	277	308	325
char	272	1	325	60
char	280	367	285	376
char	285	4	290	13
char	287	4	296	14
char	291	102	332	162
char	306	177	346	236
char	307	265	329	339
char	310	354	325	412
char	315	441	354	500
char	324	2	362	60
char	329	366	388	412
char	332	279	372	325
char	335	90	351	148
char	349	178	388	236
char	351	102	392	148
char	354	455	396	511
char	361	15	402	61
char	372	279	415	324
char	387	15	392	24
char	389	190	429	237
char	391	103	431	163
char	395	455	429	501
char	404	13	442	74
char	411	365	452	426
char	414	265	455	325
char	428	441	450	511
char	428	191	468	251
char	429	191	434	200
char	431	89	472	149
char	440	1	462	75
char	450	454	493	501
char	455	266	482	325
char	467	1	482	60
char	469	190	507	237
char	471	366	511	413
char	482	279	511	325
char	491	100	511	150
char	493	454	511	502
char	493	92	501	105
char	493	90	500	99
char	499	502	504	511
char	500	14	511	75
char	507	191	511	200
char	508	209	511	218
char	508	207	511	216
char	508	205	511	214
char	508	203	511	212
char	508	201	511	210
char	508	198	511	208
char	508	195	511	204
char	508	193	511	202
