line	0	0	511	61
line	0	85	511	152
line	0	174	511	228
line	0	265	511	333
line	0	355	511	421
line	0	445	511	511
word	0	457	112	496
word	0	265	165	317
word	0	174	279	228
word	0	85	371	152
word	0	0	197	48
word	25	367	165	406
word	132	445	511	511
word	191	368	225	407
word	192	265	351	318
word	227	7	251	47
word	252	368	289	421
word	275	0	428	61
word	299	188	511	228
word	318	355	353	406
word	378	355	511	408
word	378	265	441	317
word	398	85	473	138
word	454	7	511	47
word	466	265	511	333
word	500	98	511	137
char	0	452	41	500
char	0	271	19	321
char	0	93	18	141
char	0	3	19	52
char	3	182	61	230
char	17	260	47	320
char	18	95	60	139
char	19	0	24	4
char	21	362	50	410
char	21	0	37	50
char	39	3	79	51
char	41	454	85	500
char	46	364	107	410
char	46	273	105	320
char	60	93	99	141
char	65	183	105	230
char	79	6	118	49
char	85	453	114	500
char	99	93	142	141
char	106	183	147	232
char	107	363	167	410
char	109	260	125	320
char	117	4	160	51
char	118	4	124	13
char	126	271	167	321
char	128	454	191	500
char	144	92	173	140
char	146	185	187	229
char	161	3	199	51
char	173	80	188	140
char	186	169	214	230
char	187	363	227	411
char	187	93	225	156
char	188	260	228	320
char	190	440	206	500
char	206	454	250	500
char	214	171	252	230
char	223	80	246	155
char	223	2	253	51
char	225	260	254	321
char	244	177	251	187
char	248	363	291	425
char	248	92	291	155
char	250	452	292	510
char	250	273	289	321
char	251	183	281	230
char	271	0	310	51
char	289	260	318	319
char	292	92	332	141
char	294	440	310	500
char	295	183	339	230
char	309	5	349	65
char	314	440	354	500
char	314	350	355	410
char	314	273	353	322
char	332	95	373	139
char	339	183	376	231
char	350	0	366	50
char	357	453	397	501
char	369	4	409	51
char	374	362	414	410
char	374	260	415	320
char	378	183	439	230
char	394	80	433	140
char	397	454	457	500
char	413	0	430	50
char	415	261	443	321
char	417	350	459	411
char	435	93	475	142
char	438	183	482	231
char	450	2	491	51
char	456	454	497	511
char	461	350	478	410
char	462	260	502	321
char	479	363	511	412
char	482	183	511	232
char	493	3	511	50
char	496	93	511	141
char	497	453	511	501
char	505	271	511	337
