line	0	0	511	61
line	0	85	511	151
line	0	175	511	242
line	0	265	511	331
line	0	355	511	421
line	0	445	511	511
word	0	445	123	511
word	0	355	92	405
word	0	265	116	331
word	0	189	94	226
word	0	100	73	135
word	0	9	73	45
word	3	508	8	510
word	12	445	14	445
word	95	0	511	61
word	98	85	403	151
word	117	355	212	406
word	118	175	258	225
word	139	279	207	315
word	142	445	163	511
word	190	445	332	511
word	229	265	341	331
word	233	355	406	421
word	280	175	511	242
word	349	445	464	511
word	367	279	400	315
word	420	355	511	421
word	424	279	511	331
word	427	88	511	135
word	486	460	511	511
char	0	454	17	503
char	0	350	40	409
char	0	260	38	320
char	0	185	32	229
char	0	96	37	139
char	0	4	40	49
char	4	503	10	508
char	8	440	16	449
char	17	455	60	511
char	33	184	67	230
char	38	310	43	319
char	38	278	77	319
char	38	95	75	139
char	40	353	67	409
char	41	4	75	49
char	60	440	84	499
char	67	365	94	409
char	68	185	96	229
char	76	275	118	335
char	83	458	125	499
char	91	0	115	49
char	94	95	159	139
char	113	364	148	410
char	113	6	154	65
char	114	185	158	229
char	135	276	175	319
char	138	440	165	511
char	148	350	214	409
char	149	400	154	409
char	154	0	195	49
char	157	188	196	229
char	159	80	201	139
char	174	274	209	319
char	178	350	186	359
char	186	440	231	499
char	194	8	234	65
char	196	170	219	227
char	197	220	203	229
char	199	95	242	155
char	200	220	207	229
char	210	220	218	229
char	217	170	260	229
char	225	274	269	335
char	229	350	256	425
char	230	457	270	499
char	233	5	275	47
char	242	94	286	155
char	259	365	294	409
char	269	455	311	511
char	269	275	303	319
char	275	5	339	49
char	276	186	318	246
char	286	96	327	139
char	295	365	332	409
char	302	260	343	319
char	310	440	334	498
char	318	170	360	227
char	327	95	369	155
char	331	350	373	411
char	339	0	382	49
char	345	440	372	511
char	360	186	394	229
char	363	274	402	319
char	370	95	405	139
char	373	350	408	409
char	374	441	403	500
char	380	8	420	65
char	394	170	436	227
char	396	220	403	229
char	402	220	411	229
char	403	456	466	497
char	405	490	411	499
char	414	490	425	499
char	414	220	419	229
char	416	366	457	409
char	416	220	421	229
char	420	274	484	319
char	421	220	432	229
char	421	5	453	49
char	422	490	427	499
char	423	94	458	139
char	429	220	434	229
char	432	490	437	499
char	434	490	439	499
char	434	170	457	230
char	436	490	441	499
char	448	490	453	499
char	454	0	496	49
char	456	350	479	409
char	456	187	496	246
char	458	95	491	139
char	477	365	511	425
char	482	455	511	511
char	485	275	511	335
char	491	83	511	139
char	494	170	511	229
char	496	5	511	50
