line	0	1	511	67
line	0	89	511	155
line	0	178	511	244
line	0	268	373	333
line	0	357	511	423
line	0	445	511	511
line	511	446	511	447
line	512	452	511	452
line	511	455	511	457
word	0	445	281	511
word	0	370	463	423
word	0	284	30	318
word	0	178	511	244
word	0	90	92	155
word	0	17	4	51
word	27	0	105	66
word	53	268	124	318
word	115	104	186	155
word	130	0	376	67
word	143	268	317	333
word	210	103	262	140
word	286	89	511	155
word	303	445	487	511
word	341	282	373	318
word	399	15	511	52
word	485	357	511	407
word	509	446	511	495
char	0	499	9	511
char	0	497	2	506
char	0	457	11	502
char	0	367	14	411
char	0	279	32	322
char	0	174	37	233
char	0	99	14	145
char	0	12	6	55
char	10	440	35	511
char	14	366	76	410
char	14	99	52	159
char	23	1	66	55
char	37	190	78	233
char	38	455	102	499
char	49	263	94	322
char	52	85	94	144
char	66	11	107	70
char	76	366	117	426
char	78	174	119	234
char	93	277	126	321
char	101	455	143	511
char	111	99	155	159
char	118	365	157	411
char	120	186	155	232
char	126	1	171	54
char	139	263	165	322
char	143	441	185	500
char	154	173	176	232
char	155	99	188	144
char	157	366	198	408
char	164	278	202	337
char	170	12	202	55
char	175	176	197	233
char	176	174	181	183
char	185	455	224	500
char	186	174	191	183
char	196	189	237	248
char	198	366	237	427
char	202	277	243	337
char	202	1	229	55
char	206	98	235	144
char	223	441	245	497
char	228	10	261	55
char	235	98	264	144
char	237	369	277	411
char	237	187	266	233
char	244	459	283	499
char	244	277	280	321
char	260	9	301	70
char	267	188	301	233
char	277	365	315	411
char	280	277	319	337
char	282	99	318	144
char	299	455	342	499
char	300	187	341	248
char	302	10	339	71
char	315	365	354	411
char	318	99	355	144
char	337	277	375	322
char	339	14	378	70
char	341	173	374	230
char	342	441	381	501
char	354	370	391	408
char	355	84	377	142
char	367	189	400	233
char	377	101	416	144
char	380	440	406	511
char	391	365	424	411
char	393	101	398	110
char	395	10	433	56
char	400	173	421	231
char	407	456	449	511
char	416	102	456	159
char	421	188	463	248
char	423	365	465	426
char	433	14	488	55
char	448	455	489	497
char	455	85	495	144
char	464	188	499	233
char	475	12	480	21
char	478	12	487	21
char	481	352	511	411
char	488	12	511	55
char	495	85	511	144
char	500	174	511	232
char	505	454	511	499
char	507	450	511	461
char	507	441	511	451
char	508	447	511	456
