line	0	0	282	66
line	0	90	511	156
line	0	179	511	245
line	0	267	511	333
line	0	357	511	423
line	0	445	511	511
word	0	491	0	492
word	0	458	2	485
word	0	267	104	319
word	0	192	53	245
word	0	104	13	156
word	0	0	175	66
word	22	357	92	408
word	26	445	68	511
word	38	90	484	154
word	82	179	354	245
word	98	445	228	511
word	120	357	284	423
word	127	281	201	332
word	192	0	282	66
word	229	268	350	318
word	255	446	321	496
word	306	370	340	409
word	348	446	511	511
word	365	369	423	409
word	375	268	511	333
word	375	179	390	244
word	420	179	511	230
word	443	370	511	407
word	511	113	511	142
char	0	486	2	496
char	0	453	4	489
char	0	262	31	323
char	0	187	17	235
char	0	99	15	160
char	0	9	49	55
char	16	187	55	249
char	18	365	54	412
char	22	440	70	511
char	34	263	71	322
char	34	97	70	144
char	47	2	69	57
char	58	352	94	411
char	68	279	106	322
char	68	12	106	70
char	74	98	129	144
char	78	174	90	234
char	91	186	130	249
char	94	454	152	500
char	103	10	141	54
char	116	364	153	413
char	123	276	161	336
char	131	186	167	235
char	133	98	158	144
char	141	1	177	55
char	150	440	195	500
char	152	366	205	411
char	157	98	213	144
char	160	491	165	500
char	163	276	203	325
char	169	174	207	235
char	188	0	208	70
char	193	455	230	511
char	205	352	216	412
char	207	187	243	234
char	212	1	223	55
char	216	98	271	144
char	218	364	256	427
char	225	263	261	322
char	228	9	284	55
char	243	187	281	249
char	251	453	307	500
char	260	365	286	412
char	261	276	296	322
char	276	85	311	144
char	283	186	320	235
char	296	277	352	322
char	302	365	342	413
char	309	86	332	146
char	311	441	323	500
char	318	174	356	234
char	331	98	369	158
char	344	454	382	511
char	361	365	398	413
char	370	99	406	145
char	371	263	409	323
char	371	174	392	248
char	384	453	423	501
char	400	364	425	411
char	409	278	445	321
char	410	85	448	146
char	416	174	428	233
char	423	441	462	501
char	429	186	469	234
char	439	365	479	411
char	444	277	498	322
char	449	98	486	145
char	462	455	501	500
char	471	174	484	233
char	479	365	511	411
char	483	187	511	233
char	497	276	511	337
char	501	453	511	503
char	502	448	509	457
char	503	451	508	460
char	503	444	509	453
char	507	446	511	455
char	507	111	511	146
char	508	108	511	117
