line	0	0	511	61
line	0	85	511	151
line	0	175	511	241
line	0	265	511	331
line	0	355	511	422
line	0	445	285	511
word	0	445	183	511
word	0	355	283	421
word	0	265	167	331
word	0	175	79	228
word	0	98	176	151
word	0	8	239	61
word	109	175	226	226
word	185	265	289	331
word	200	85	252	137
word	209	445	245	497
word	252	175	511	241
word	259	0	442	48
word	273	445	285	496
word	273	96	511	151
word	309	355	450	407
word	318	277	342	316
word	358	265	511	331
word	467	8	511	60
word	473	369	511	422
char	0	453	18	501
char	0	363	19	411
char	0	170	21	232
char	0	94	38	141
char	0	3	38	51
char	3	272	42	335
char	18	454	54	511
char	19	363	58	411
char	22	183	63	232
char	36	94	96	140
char	38	4	80	49
char	45	260	86	320
char	53	440	75	511
char	57	350	87	408
char	65	170	81	230
char	79	453	140	500
char	80	3	121	65
char	86	352	124	410
char	86	274	125	321
char	95	94	136	155
char	105	183	144	230
char	121	366	162	425
char	121	4	181	51
char	125	273	169	320
char	136	93	178	141
char	143	452	185	511
char	145	170	175	230
char	162	363	200	410
char	174	170	188	230
char	180	3	241	50
char	181	260	205	335
char	192	170	209	230
char	196	80	224	141
char	199	350	228	410
char	202	260	226	335
char	205	440	247	501
char	213	170	228	230
char	224	93	254	140
char	225	91	230	100
char	228	363	264	411
char	230	272	270	320
char	248	183	292	230
char	255	3	318	50
char	263	350	285	425
char	269	440	287	500
char	269	92	310	141
char	274	260	291	320
char	292	170	332	230
char	305	364	366	410
char	310	93	349	141
char	314	272	344	320
char	318	2	357	51
char	336	182	378	244
char	349	96	408	140
char	354	260	378	335
char	359	1	399	51
char	365	364	407	410
char	379	183	409	230
char	380	271	420	321
char	399	0	444	52
char	407	362	436	411
char	408	170	449	232
char	408	94	448	155
char	422	273	464	334
char	435	350	452	410
char	448	91	510	140
char	449	183	489	232
char	463	3	506	64
char	464	274	506	318
char	469	364	511	426
char	482	91	487	100
char	488	170	511	245
char	507	260	511	320
char	507	12	511	53
char	508	9	511	18
