line	0	0	483	61
line	0	85	241	151
line	0	175	511	241
line	0	234	10	234
line	0	236	9	236
line	0	239	9	239
line	0	265	511	331
line	0	355	511	421
line	0	444	7	473
line	0	475	4	481
word	0	444	7	481
word	0	355	123	407
word	0	265	63	317
word	0	191	172	239
word	0	102	12	151
word	0	0	187	61
word	4	330	8	330
word	34	85	241	151
word	86	282	121	331
word	135	265	511	331
word	144	372	178	405
word	192	191	318	227
word	201	371	236	421
word	212	0	277	47
word	255	355	352	407
word	300	0	387	61
word	338	175	511	241
word	373	355	511	407
word	408	13	443	47
char	0	470	6	485
char	0	439	9	477
char	0	350	13	410
char	0	276	11	321
char	0	188	11	234
char	0	97	14	155
char	0	7	12	50
char	5	325	10	334
char	5	234	11	243
char	6	231	11	240
char	7	229	12	238
char	11	260	33	319
char	11	188	49	231
char	11	0	50	49
char	13	350	51	411
char	30	96	70	155
char	33	277	65	321
char	48	188	88	231
char	49	370	86	410
char	49	10	86	49
char	69	97	101	140
char	82	277	123	335
char	85	368	125	411
char	86	8	123	50
char	87	186	119	231
char	100	100	140	155
char	118	190	174	230
char	122	7	161	65
char	131	260	157	335
char	140	367	180	409
char	140	80	180	155
char	157	277	214	320
char	161	7	189	50
char	181	96	243	139
char	188	186	251	229
char	197	366	238	425
char	208	6	241	50
char	213	276	252	317
char	241	0	279	51
char	249	186	282	231
char	251	367	292	411
char	252	277	280	321
char	279	260	319	321
char	279	186	320	227
char	292	350	313	408
char	296	7	330	50
char	312	350	333	409
char	318	260	338	317
char	330	0	351	49
char	332	350	354	409
char	334	186	394	229
char	338	277	378	335
char	350	7	389	65
char	358	7	364	16
char	365	7	370	16
char	369	368	410	410
char	369	7	376	16
char	375	277	415	335
char	394	175	418	230
char	404	8	445	51
char	408	350	449	407
char	409	173	416	182
char	411	278	450	320
char	416	170	437	229
char	436	188	474	245
char	447	367	479	411
char	450	260	482	318
char	474	176	496	228
char	479	370	511	407
char	480	260	504	335
char	495	187	511	231
char	498	233	503	242
char	499	231	504	240
char	500	233	505	242
char	502	230	511	242
char	505	280	511	323
char	506	227	511	237
char	507	316	510	325
char	508	278	511	287
