line	0	5	511	70
line	505	11	511	11
line	503	14	511	14
line	0	94	404	158
line	0	152	11	159
line	0	182	511	247
line	0	270	511	335
line	0	359	488	423
line	0	446	511	511
word	0	446	511	511
word	0	360	87	409
word	0	270	69	321
word	0	182	360	247
word	0	94	404	159
word	0	5	435	70
word	94	284	124	321
word	112	359	270	423
word	148	284	216	320
word	241	284	329	321
word	300	359	448	409
word	358	271	390	321
word	381	195	451	233
word	409	271	423	335
word	453	283	511	322
word	464	11	511	57
word	476	196	511	247
char	0	455	29	511
char	0	366	16	413
char	0	305	3	317
char	0	295	4	309
char	0	280	4	301
char	0	269	2	278
char	0	265	14	324
char	0	191	32	236
char	0	103	14	154
char	0	15	100	60
char	1	266	3	276
char	2	147	13	163
char	14	90	25	148
char	15	355	37	413
char	18	266	30	324
char	29	455	65	510
char	29	102	84	148
char	31	278	71	325
char	31	192	68	236
char	35	368	89	412
char	65	455	119	500
char	68	190	106	250
char	84	89	111	148
char	90	279	126	325
char	99	15	135	61
char	106	103	143	162
char	108	354	144	412
char	108	190	163	236
char	118	441	155	501
char	135	15	190	60
char	143	367	179	427
char	143	89	170	148
char	144	280	181	324
char	155	455	205	500
char	166	191	201	236
char	166	104	203	149
char	180	366	220	414
char	181	279	218	324
char	190	5	217	60
char	201	177	228	236
char	202	442	221	511
char	204	102	242	149
char	213	17	247	61
char	222	354	233	412
char	225	442	236	500
char	226	177	237	236
char	237	354	272	427
char	237	279	292	324
char	237	179	261	237
char	239	454	278	501
char	242	89	268	146
char	246	356	254	366
char	247	15	284	61
char	248	139	253	148
char	258	192	296	251
char	264	104	302	149
char	280	456	315	501
char	284	15	321	61
char	296	367	321	412
char	296	280	331	325
char	296	178	307	236
char	304	90	340	148
char	307	191	362	236
char	316	442	339	502
char	319	354	355	413
char	324	15	358	61
char	339	455	376	510
char	339	90	351	148
char	354	266	392	325
char	355	90	367	148
char	356	366	393	413
char	360	1	398	61
char	371	102	406	148
char	376	457	412	511
char	377	192	416	236
char	394	367	450	412
char	400	14	437	74
char	405	266	425	339
char	411	455	448	511
char	416	190	453	237
char	448	442	483	500
char	449	279	484	324
char	460	14	486	60
char	472	191	508	238
char	484	14	511	61
char	485	454	511	501
char	485	278	511	326
char	499	9	509	18
char	501	6	506	15
char	504	209	511	251
char	507	192	511	213
char	507	6	510	15
