line	0	6	511	71
line	0	94	511	159
line	0	153	9	157
line	0	159	8	159
line	0	182	165	233
line	0	270	511	335
line	0	358	511	423
line	0	446	511	510
word	0	447	114	498
word	0	271	194	335
word	0	182	165	233
word	0	153	9	159
word	0	94	511	159
word	0	20	12	71
word	1	359	118	409
word	37	6	251	71
word	144	446	267	511
word	144	372	173	409
word	200	358	377	423
word	215	270	511	335
word	276	19	401	70
word	289	459	398	497
word	404	359	511	423
word	422	7	511	71
word	424	460	457	498
word	485	447	511	498
char	0	457	2	467
char	0	273	14	324
char	0	178	14	237
char	0	104	14	151
char	0	15	14	75
char	2	354	38	412
char	2	148	11	161
char	3	455	39	501
char	5	154	10	163
char	7	271	12	280
char	13	90	49	148
char	14	266	51	325
char	14	177	58	237
char	33	15	73	60
char	39	442	77	501
char	41	367	66	412
char	49	103	86	149
char	50	279	90	326
char	57	177	93	236
char	63	103	71	112
char	64	367	99	413
char	71	1	108	61
char	72	103	77	112
char	78	442	116	502
char	88	90	100	148
char	90	279	127	339
char	93	192	130	236
char	99	354	120	413
char	104	103	139	149
char	108	15	163	60
char	130	191	167	236
char	132	279	167	326
char	139	89	198	148
char	140	441	177	501
char	140	367	175	413
char	159	104	164	113
char	162	2	174	60
char	170	279	196	324
char	175	14	213	75
char	179	442	191	500
char	194	454	232	510
char	196	367	236	413
char	198	103	233	149
char	211	279	249	339
char	214	14	253	75
char	232	458	269	498
char	236	369	273	427
char	237	89	272	148
char	253	279	308	324
char	272	353	308	413
char	272	15	327	60
char	273	104	327	148
char	285	455	323	500
char	309	279	345	325
char	312	354	324	412
char	323	454	361	501
char	326	102	361	150
char	327	367	362	426
char	327	15	364	74
char	345	280	382	324
char	360	354	379	427
char	360	90	377	163
char	361	455	400	501
char	366	14	403	74
char	382	265	418	324
char	382	90	418	148
char	400	367	436	413
char	417	90	454	149
char	418	265	444	324
char	418	2	437	75
char	420	455	459	502
char	435	354	454	427
char	439	15	476	75
char	440	280	476	339
char	454	367	491	412
char	454	103	494	149
char	477	279	511	324
char	480	14	511	61
char	481	442	492	500
char	491	367	511	412
char	493	442	511	502
char	496	102	511	148
