line	0	5	511	71
line	0	93	511	160
line	0	182	511	248
line	0	270	511	335
line	0	358	511	424
line	0	446	511	511
line	506	509	511	509
word	0	451	85	496
word	0	358	498	424
word	0	270	156	321
word	0	199	10	247
word	0	93	322	160
word	0	22	80	71
word	31	182	152	248
word	99	5	153	57
word	109	446	369	511
word	173	182	511	247
word	174	6	367	57
word	176	288	210	320
word	232	270	511	335
word	343	94	511	160
word	386	23	511	56
word	387	462	481	511
word	504	461	511	497
word	506	509	511	511
word	510	246	511	246
char	0	464	2	487
char	0	371	33	428
char	0	279	13	324
char	0	194	12	251
char	0	107	28	148
char	0	19	12	75
char	1	266	12	283
char	2	460	39	500
char	5	277	12	286
char	11	282	43	324
char	12	17	43	60
char	27	177	50	236
char	28	105	54	149
char	30	353	67	411
char	38	446	62	500
char	42	21	82	75
char	43	281	78	325
char	49	183	71	236
char	53	106	91	163
char	61	458	87	500
char	67	369	99	413
char	68	177	100	237
char	79	265	100	324
char	90	105	127	163
char	95	19	135	61
char	99	373	138	428
char	99	265	120	324
char	99	177	122	252
char	105	441	144	501
char	120	265	158	325
char	126	193	154	237
char	126	89	163	148
char	135	353	172	412
char	135	5	155	60
char	143	459	173	501
char	163	105	200	149
char	169	195	226	237
char	170	19	210	61
char	172	370	209	427
char	172	283	212	324
char	173	458	211	498
char	199	109	238	148
char	208	19	262	60
char	209	370	247	428
char	210	460	265	501
char	226	193	260	236
char	228	281	261	325
char	237	105	259	149
char	247	370	281	412
char	255	19	260	28
char	258	88	282	164
char	260	182	284	236
char	261	265	282	324
char	261	19	300	60
char	264	458	301	511
char	281	197	335	236
char	282	353	303	411
char	282	265	320	325
char	282	105	324	148
char	299	17	331	60
char	301	458	331	500
char	302	353	323	412
char	319	265	352	324
char	322	373	360	412
char	330	1	369	60
char	331	441	371	500
char	335	193	366	236
char	339	89	374	149
char	341	283	397	324
char	360	353	398	413
char	362	108	415	148
char	365	194	402	251
char	382	18	438	60
char	383	459	425	511
char	395	373	434	428
char	396	283	436	339
char	402	197	439	235
char	413	89	437	163
char	424	458	455	498
char	435	369	460	412
char	436	281	466	324
char	437	107	479	164
char	439	177	491	251
char	439	18	507	60
char	456	457	483	500
char	459	372	500	428
char	466	265	505	322
char	467	235	472	245
char	467	233	472	242
char	476	107	511	148
char	494	193	511	237
char	500	456	511	501
char	502	504	509	509
char	504	283	511	325
char	505	20	511	59
char	506	241	510	250
char	507	18	511	27
