line	0	1	511	53
line	0	90	511	155
line	0	179	511	231
line	0	267	511	333
line	0	356	511	421
line	0	445	511	498
word	0	446	39	496
word	0	357	260	409
word	0	268	62	321
word	0	179	416	231
word	0	90	139	155
word	0	0	351	53
word	65	445	465	497
word	91	281	169	332
word	165	90	511	154
word	195	280	229	319
word	249	267	266	333
word	281	356	430	421
word	296	281	330	319
word	360	268	370	318
word	374	14	412	53
word	399	268	511	320
word	438	13	511	53
word	445	179	511	229
word	449	357	507	407
word	488	446	511	498
char	0	353	25	413
char	0	265	22	325
char	0	184	22	235
char	0	95	20	145
char	0	7	21	56
char	1	441	41	500
char	3	263	21	278
char	3	177	5	186
char	3	2	12	11
char	6	271	12	281
char	6	269	11	278
char	6	174	21	188
char	7	181	12	190
char	10	263	15	272
char	10	174	15	183
char	10	2	18	8
char	13	88	20	97
char	13	5	18	9
char	22	186	62	235
char	24	352	66	413
char	24	276	64	322
char	24	85	63	144
char	24	1	66	57
char	61	453	100	501
char	61	101	101	159
char	63	174	105	235
char	65	352	107	413
char	68	9	107	56
char	87	276	127	322
char	100	440	186	500
char	101	98	141	158
char	106	174	147	234
char	108	364	149	413
char	109	8	150	57
char	129	276	171	336
char	149	364	191	413
char	149	11	190	53
char	150	174	166	233
char	161	97	201	145
char	167	186	206	235
char	183	46	189	55
char	184	441	223	500
char	187	441	192	450
char	190	9	229	56
char	191	275	231	323
char	193	352	233	411
char	204	85	220	144
char	209	186	248	233
char	222	98	264	158
char	223	441	263	500
char	229	9	267	56
char	233	365	262	411
char	245	262	268	337
char	252	187	292	233
char	262	441	302	500
char	267	98	306	145
char	269	9	309	56
char	277	364	317	412
char	291	188	335	233
char	292	276	332	323
char	302	453	343	501
char	308	85	350	145
char	313	1	353	55
char	318	364	359	425
char	335	174	351	233
char	342	455	383	500
char	351	174	379	234
char	353	98	392	145
char	356	263	372	322
char	362	363	403	425
char	370	9	414	57
char	378	174	418	234
char	383	441	424	501
char	395	276	435	322
char	397	85	436	144
char	402	351	432	410
char	427	441	467	500
char	434	277	477	322
char	434	8	475	57
char	436	85	477	145
char	441	174	481	233
char	445	365	487	411
char	475	9	511	56
char	477	263	511	324
char	477	101	511	144
char	484	441	511	502
char	484	184	511	233
char	488	352	504	411
