line	0	6	511	72
line	0	94	333	159
line	0	182	274	247
line	0	270	511	336
line	0	358	511	424
line	0	418	10	418
line	0	446	511	511
word	0	446	103	511
word	0	276	50	321
word	0	182	274	247
word	0	94	72	145
word	0	6	322	72
word	3	242	10	243
word	11	418	11	418
word	14	375	101	408
word	71	270	170	335
word	93	94	333	159
word	122	358	175	409
word	123	464	158	497
word	178	462	343	511
word	181	270	511	336
word	195	374	229	423
word	252	375	283	408
word	307	374	404	424
word	341	23	484	71
word	362	446	511	511
word	424	374	511	424
word	505	22	511	57
char	0	441	69	500
char	0	283	29	324
char	0	193	12	239
char	0	114	2	124
char	0	15	13	60
char	3	106	36	149
char	4	237	12	247
char	7	413	12	422
char	10	370	49	412
char	11	177	32	236
char	11	18	43	60
char	28	271	52	325
char	32	177	84	251
char	35	89	74	149
char	43	18	80	76
char	48	371	103	412
char	67	281	106	339
char	68	459	105	511
char	80	18	105	59
char	85	195	119	251
char	89	106	121	149
char	93	371	98	380
char	103	1	127	75
char	105	282	132	324
char	115	177	141	251
char	118	353	140	413
char	119	459	160	501
char	121	106	146	146
char	130	1	152	61
char	131	265	172	325
char	139	371	177	412
char	142	183	168	237
char	145	95	168	149
char	150	19	189	60
char	165	197	202	236
char	165	108	205	163
char	174	457	249	500
char	177	265	203	340
char	189	1	227	61
char	191	369	231	427
char	201	195	238	236
char	202	109	238	147
char	204	283	244	324
char	220	195	230	204
char	225	18	263	75
char	237	195	276	236
char	238	105	294	148
char	244	282	275	325
char	248	461	288	511
char	248	370	285	412
char	261	1	299	59
char	275	281	313	339
char	285	457	345	500
char	294	89	335	148
char	294	19	324	58
char	303	370	342	427
char	313	282	344	323
char	337	18	398	60
char	342	369	368	411
char	344	417	350	426
char	345	265	364	323
char	358	441	398	500
char	363	283	422	324
char	368	370	406	428
char	397	18	435	75
char	398	458	435	511
char	420	369	481	412
char	421	282	452	325
char	432	21	486	60
char	434	457	470	511
char	452	285	488	324
char	469	458	506	511
char	480	370	511	428
char	488	265	511	325
char	501	17	511	61
char	506	460	511	501
char	508	504	511	510
char	508	500	511	510
