line	0	6	511	72
line	0	94	511	159
line	0	182	511	247
line	508	185	511	187
line	0	269	511	335
line	0	357	511	424
line	0	446	511	511
word	0	446	259	498
word	0	357	240	424
word	0	284	14	321
word	0	182	275	247
word	0	95	90	159
word	0	6	192	71
word	37	270	67	335
word	96	284	145	320
word	116	94	361	159
word	171	283	394	335
word	217	7	262	56
word	268	358	511	422
word	282	447	511	511
word	292	6	489	71
word	302	183	404	233
word	382	107	511	158
word	417	271	478	335
word	430	196	511	247
word	506	22	511	72
word	507	269	511	320
word	508	185	511	187
char	0	455	35	502
char	0	352	14	412
char	0	279	16	325
char	0	190	13	236
char	0	103	37	163
char	0	14	14	61
char	1	5	6	15
char	2	11	4	20
char	2	8	12	18
char	5	4	12	14
char	7	7	12	16
char	12	177	37	236
char	14	353	49	427
char	14	2	26	60
char	26	15	64	75
char	33	265	69	339
char	34	191	89	236
char	35	441	111	500
char	41	90	54	148
char	52	366	89	426
char	53	265	58	274
char	55	265	60	274
char	57	104	92	149
char	64	1	100	61
char	90	367	128	428
char	92	279	147	324
char	92	177	128	236
char	100	15	139	75
char	110	442	143	500
char	112	103	151	163
char	129	191	167	238
char	132	367	191	412
char	137	1	163	60
char	143	456	182	500
char	152	90	163	148
char	155	17	194	75
char	166	193	202	236
char	167	279	205	339
char	167	90	203	148
char	180	441	205	500
char	190	353	227	413
char	201	456	238	501
char	202	191	237	237
char	202	103	239	162
char	206	278	241	324
char	213	2	224	60
char	229	14	264	60
char	230	354	242	412
char	238	191	277	251
char	239	442	261	501
char	240	103	279	149
char	245	279	270	324
char	264	366	302	426
char	268	279	304	338
char	278	455	314	501
char	281	103	336	148
char	288	15	343	60
char	298	191	335	237
char	304	353	340	412
char	304	280	359	324
char	316	455	350	502
char	334	192	370	236
char	336	89	363	148
char	344	353	415	412
char	344	13	383	62
char	348	442	367	511
char	358	279	396	338
char	368	454	408	502
char	371	178	406	236
char	378	102	416	162
char	384	18	421	75
char	408	455	445	501
char	413	279	463	324
char	414	354	425	412
char	418	103	442	148
char	421	1	457	60
char	426	191	463	237
char	429	354	441	412
char	440	103	475	149
char	445	455	483	501
char	445	354	457	412
char	456	16	491	63
char	457	367	510	412
char	461	266	480	339
char	462	191	500	251
char	476	103	510	149
char	484	454	511	511
char	502	191	511	237
char	502	17	511	76
char	503	264	511	324
char	504	180	511	191
