line	0	0	511	60
line	0	84	511	137
line	0	175	511	242
line	0	265	477	330
line	0	355	511	422
line	0	444	511	511
word	0	445	239	511
word	0	368	55	422
word	0	279	33	330
word	0	175	355	240
word	0	84	150	137
word	0	0	511	60
word	59	265	81	316
word	75	355	261	421
word	103	265	437	318
word	173	85	455	137
word	263	445	390	497
word	287	368	474	421
word	380	175	482	242
word	416	444	511	497
word	480	85	511	136
word	504	355	511	406
word	505	189	511	226
char	0	451	15	500
char	0	363	15	426
char	0	274	35	334
char	0	170	9	231
char	0	79	31	141
char	0	3	13	50
char	10	183	49	232
char	12	0	37	51
char	17	363	57	412
char	20	440	56	500
char	35	93	92	140
char	35	3	61	50
char	51	183	87	230
char	55	260	83	320
char	55	0	72	50
char	56	453	111	500
char	71	350	91	425
char	76	3	111	51
char	89	183	127	244
char	91	362	132	412
char	92	80	118	140
char	99	260	135	320
char	113	454	151	511
char	115	1	127	50
char	117	81	152	140
char	128	2	168	50
char	132	350	144	410
char	132	170	169	230
char	137	273	178	322
char	148	363	171	411
char	155	453	211	500
char	168	364	207	425
char	168	183	224	230
char	168	3	206	64
char	169	93	206	141
char	180	273	215	320
char	206	3	244	51
char	208	363	263	410
char	208	93	264	140
char	215	453	241	500
char	220	260	256	320
char	224	183	280	230
char	243	4	282	51
char	258	274	298	321
char	259	440	298	501
char	264	80	291	140
char	280	183	315	230
char	283	364	323	411
char	284	4	320	51
char	289	92	313	140
char	299	273	338	321
char	300	440	311	500
char	305	81	312	94
char	313	453	353	501
char	313	80	323	140
char	320	170	357	231
char	323	364	361	412
char	324	3	381	50
char	325	80	364	141
char	341	260	378	320
char	354	453	392	501
char	361	363	399	412
char	365	93	402	141
char	376	170	412	230
char	378	273	402	320
char	381	0	407	50
char	399	364	437	411
char	402	260	439	321
char	402	94	457	140
char	404	4	440	64
char	410	184	447	245
char	412	453	438	501
char	437	363	476	425
char	438	454	472	501
char	442	0	481	53
char	446	183	484	246
char	472	439	499	500
char	476	80	511	140
char	482	3	511	51
char	498	441	511	500
char	500	350	511	410
char	501	184	511	230
