line	508	9	511	9
line	0	19	511	71
line	0	94	511	159
line	0	182	511	246
line	0	270	511	335
line	0	358	511	423
line	511	361	511	365
line	0	446	511	510
word	0	446	175	497
word	0	358	227	422
word	0	270	412	335
word	0	195	308	246
word	0	94	271	158
word	0	19	306	71
word	203	459	376	511
word	253	358	262	408
word	288	371	446	409
word	298	94	430	159
word	329	19	511	57
word	332	182	511	246
word	399	460	475	497
word	437	270	511	321
word	456	106	511	145
word	468	371	511	423
word	500	459	511	499
word	508	9	511	9
word	511	361	511	365
char	0	455	57	500
char	0	353	7	411
char	0	278	18	325
char	0	102	8	148
char	0	14	57	60
char	2	367	41	413
char	3	191	39	237
char	8	103	46	149
char	18	266	43	325
char	40	190	80	237
char	41	367	81	412
char	43	279	83	325
char	45	89	87	149
char	56	441	96	501
char	57	14	115	60
char	81	366	119	413
char	81	190	111	236
char	85	265	100	324
char	90	103	129	149
char	96	455	139	500
char	98	265	121	339
char	111	190	137	236
char	118	14	178	60
char	120	367	148	412
char	122	278	161	325
char	130	102	170	149
char	136	190	176	250
char	139	455	177	501
char	148	367	187	426
char	161	279	220	324
char	172	89	188	148
char	175	191	235	236
char	179	14	221	75
char	186	367	229	412
char	188	103	231	148
char	199	454	241	510
char	218	265	246	324
char	224	14	263	60
char	231	100	273	162
char	235	190	273	237
char	239	455	299	500
char	244	279	272	324
char	249	353	264	412
char	265	14	308	61
char	272	266	309	324
char	272	266	277	275
char	272	191	310	237
char	284	366	345	412
char	294	89	310	148
char	299	455	337	501
char	309	279	348	324
char	311	101	348	150
char	325	15	367	60
char	328	177	358	236
char	337	456	378	498
char	344	366	383	413
char	346	89	368	163
char	349	278	389	325
char	357	178	395	236
char	365	15	463	60
char	372	89	388	148
char	383	366	411	412
char	389	266	414	325
char	390	101	432	162
char	395	455	435	501
char	395	190	435	250
char	410	366	448	413
char	420	15	425	24
char	433	278	499	324
char	435	455	477	501
char	437	190	476	236
char	452	101	492	149
char	463	14	501	61
char	464	366	506	427
char	476	190	511	236
char	492	105	511	146
char	496	454	511	503
char	500	265	511	325
char	501	15	511	61
char	504	4	510	13
char	505	367	511	413
char	507	356	511	369
char	507	4	510	13
