line	0	7	511	56
line	0	94	511	159
line	0	182	511	247
line	0	357	511	423
line	0	446	511	511
word	0	447	153	496
word	0	372	92	423
word	0	182	35	232
word	0	94	169	159
word	0	7	221	56
word	53	182	116	247
word	112	374	147	423
word	137	197	171	231
word	164	357	301	423
word	176	460	242	511
word	191	95	381	159
word	193	183	393	247
word	241	7	338	56
word	265	446	511	511
word	325	359	511	423
word	360	20	418	55
word	405	95	482	144
word	414	196	487	247
word	439	21	511	56
word	505	109	511	144
word	511	182	511	196
char	0	442	20	499
char	0	367	19	427
char	0	177	37	236
char	0	103	38	147
char	0	17	33	60
char	17	369	55	412
char	19	457	80	499
char	33	16	69	60
char	34	403	40	412
char	39	89	71	147
char	49	177	76	251
char	54	369	94	427
char	64	106	105	163
char	70	490	75	499
char	70	16	110	57
char	76	193	118	236
char	80	456	118	500
char	105	89	131	145
char	108	369	149	427
char	111	15	148	60
char	117	459	155	500
char	130	91	171	147
char	133	192	173	235
char	147	2	188	60
char	160	352	187	427
char	172	455	206	500
char	187	90	211	147
char	188	15	223	59
char	189	178	217	236
char	190	368	233	411
char	205	459	244	511
char	211	105	244	148
char	216	180	242	237
char	233	368	261	412
char	237	2	266	60
char	241	193	279	251
char	245	104	280	148
char	261	442	303	501
char	261	368	303	411
char	265	19	301	57
char	278	178	321	233
char	279	107	319	163
char	285	402	291	411
char	288	402	294	411
char	301	18	340	60
char	302	105	307	114
char	303	459	339	499
char	311	105	316	114
char	317	105	356	146
char	321	368	358	412
char	321	194	361	235
char	334	226	339	235
char	339	457	378	511
char	356	103	383	148
char	356	15	420	59
char	359	354	403	411
char	361	192	395	235
char	377	442	398	497
char	391	490	397	499
char	398	457	438	511
char	401	369	442	427
char	401	90	446	147
char	410	191	449	251
char	435	16	493	60
char	438	442	478	499
char	442	354	482	412
char	445	107	484	148
char	449	192	489	251
char	476	441	502	511
char	482	367	511	427
char	493	16	511	57
char	501	104	511	148
char	503	456	511	499
char	507	177	511	200
