line	0	0	511	67
line	0	89	511	155
line	0	178	511	245
line	0	268	511	330
line	0	355	511	423
line	501	412	511	421
line	0	445	511	511
word	0	445	264	511
word	0	356	284	422
word	0	279	15	330
word	0	179	117	229
word	0	103	134	141
word	0	17	13	66
word	33	16	87	52
word	40	282	98	318
word	110	0	205	66
word	122	268	347	319
word	139	178	231	229
word	152	89	219	155
word	224	0	511	67
word	238	89	301	155
word	248	178	269	245
word	287	461	324	496
word	296	178	335	229
word	306	355	511	423
word	323	90	341	140
word	348	445	511	496
word	357	179	511	244
word	364	90	441	141
word	370	282	463	319
word	467	89	511	140
word	487	282	511	319
char	0	455	18	511
char	0	366	10	410
char	0	274	17	334
char	0	190	34	233
char	0	101	32	145
char	0	12	15	70
char	9	325	14	334
char	10	365	38	411
char	18	440	65	499
char	29	11	89	56
char	32	98	65	144
char	34	190	74	233
char	36	277	100	322
char	38	366	79	426
char	65	441	106	499
char	65	99	98	144
char	74	174	119	232
char	79	352	123	411
char	98	103	136	141
char	106	10	141	56
char	107	441	150	499
char	118	263	161	323
char	122	370	160	411
char	135	188	173	233
char	140	0	165	70
char	148	459	187	500
char	148	84	174	159
char	160	368	198	412
char	161	263	202	321
char	168	10	207	56
char	174	190	210	231
char	177	85	221	143
char	187	455	224	500
char	198	351	220	410
char	202	263	245	323
char	210	173	233	232
char	220	367	253	411
char	220	0	247	71
char	224	441	266	497
char	234	84	261	159
char	244	173	271	249
char	245	278	278	322
char	248	10	291	70
char	253	366	286	411
char	262	101	303	143
char	279	277	311	323
char	283	456	326	500
char	292	173	316	232
char	292	0	339	70
char	302	367	339	411
char	311	281	349	322
char	315	174	337	233
char	319	85	343	144
char	338	351	362	427
char	342	10	380	55
char	344	455	379	499
char	353	188	395	248
char	360	85	403	145
char	365	350	414	411
char	366	277	431	321
char	378	440	418	500
char	380	13	436	55
char	380	12	388	21
char	395	174	419	232
char	402	85	443	144
char	414	367	447	411
char	418	188	481	232
char	419	441	442	499
char	431	277	465	323
char	435	0	458	53
char	442	441	485	499
char	446	352	469	411
char	451	45	456	54
char	458	11	493	55
char	463	98	498	144
char	468	366	496	411
char	480	188	511	248
char	483	277	511	323
char	484	455	511	500
char	494	9	511	55
char	496	363	511	414
char	497	407	510	425
char	497	84	511	141
char	498	354	507	367
